24	4
25	3
26	50
27	74
28	169
29	335
30	377
31	501
32	1068
33	1299
34	1382
35	2076
36	2941
37	2993
38	3761
39	6733
40	12446
41	20312
42	27653
43	32188
44	30582
45	24505
46	16211
47	10262
48	7889
49	9107
50	14725
51	22205
52	30956
53	35783
54	35068
55	28779
56	20903
57	13531
58	9159
59	8800
60	11768
61	17639
62	25510
63	32496
64	34370
65	30500
66	21582
67	14395
68	9445
69	7925
70	9035
71	12826
72	17978
73	147
74	272
75	33755
76	38799
77	30563
78	10947
79	8201
80	7791
81	9926
82	13305
83	17375
84	20557
85	21319
86	19341
87	15579
88	11235
89	8147
90	6971
91	7520
92	9388
93	12561
94	15483
95	17500
96	16219
97	14120
98	10704
99	7931
100	6917
101	6536
102	7351
103	8943
104	11523
105	13170
106	13478
107	12362
108	10201
109	7862
110	6437
111	5852
112	6148
113	7017
114	9009
115	10390
116	11107
117	11052
118	9700
119	7915
120	6697
121	5869
122	5926
123	6050
124	7378
125	8962
126	9520
127	10225
128	9700
129	8406
130	8505
131	8565
132	7692
133	6822
134	7249
135	8456
136	10130
137	12766
138	14417
139	12683
140	13653
141	16473
142	15529
143	13828
144	13586
145	14126
146	15385
147	16854
148	18436
149	17207
150	16489
151	19623
152	23049
153	26484
154	30450
155	35208
156	38285
157	39045
158	35398
159	28823
160	23447
161	23372
162	27809
163	36092
164	46202
165	60181
166	72792
167	79410
168	70965
169	52903
170	38427
171	31201
172	30097
173	36324
174	46648
175	60889
176	74065
177	81604
178	77042
179	64109
180	49200
181	38371
182	34874
183	35203
184	41485
185	50332
186	59611
187	66351
188	68536
189	61488
190	51944
191	43247
192	38692
193	36983
194	38717
195	42810
196	48502
197	54892
198	56966
199	55107
200	49894
201	43973
202	40009
203	38430
204	38487
205	39749
206	42260
207	44648
208	46381
209	45734
210	43803
211	40534
212	38459
213	36495
214	36080
215	35863
216	36244
217	37406
218	37550
219	37716
220	36675
221	34511
222	33129
223	31873
224	31071
225	30248
226	30205
227	30539
228	30072
229	30178
230	29192
231	28092
232	27312
233	26454
234	25717
235	25424
236	24723
237	24095
238	23609
239	22922
240	22499
241	21694
242	21312
243	20238
244	20315
245	19761
246	19547
247	18630
248	18079
249	17789
250	17704
251	16820
252	16587
253	16220
254	16047
255	15347
256	15004
257	14549
258	14096
259	13443
260	13195
261	13077
262	12383
263	12688
264	12109
265	11806
266	11517
267	11353
268	11144
269	10679
270	10119
271	10344
272	10266
273	9967
274	9701
275	9646
276	9587
277	9438
278	9624
279	9485
280	9082
281	9084
282	8817
283	8619
284	8490
285	7929
286	8276
287	8405
288	8979
289	9474
290	9492
291	9663
292	9369
293	8782
294	8548
295	8086
296	7935
297	8401
298	9361
299	10481
300	11751
301	12005
302	11997
303	11203
304	9923
305	9210
306	8551
307	8867
308	9533
309	10874
310	11950
311	12836
312	13467
313	13385
314	12594
315	11518
316	10968
317	10534
318	10813
319	11491
320	12480
321	13695
322	14570
323	14899
324	14666
325	14335
326	13469
327	13014
328	12564
329	12560
330	13133
331	13925
332	14918
333	15495
334	15478
335	15520
336	15048
337	14457
338	13924
339	13888
340	13355
341	13463
342	14059
343	14244
344	15032
345	15805
346	15812
347	15261
348	15211
349	14614
350	14250
351	14050
352	13661
353	13414
354	14201
355	14199
356	14859
357	15138
358	15019
359	14797
360	14352
361	13658
362	13333
363	12858
364	12632
365	13064
366	13608
367	13931
368	14381
369	14175
370	13680
371	13218
372	12693
373	11894
374	11777
375	11744
376	11886
377	12303
378	12678
379	12677
380	12698
381	12346
382	11445
383	10905
384	10573
385	10315
386	10559
387	10618
388	10908
389	11179
390	10896
391	10507
392	10229
393	9550
394	9372
395	9067
396	8926
397	8987
398	9131
399	9252
400	9093
401	9019
402	8721
403	8145
404	7988
405	7643
406	7514
407	7435
408	7509
409	7787
410	7599
411	7502
412	7261
413	7089
414	6882
415	6439
416	6231
417	6112
418	6328
419	6139
420	6241
421	6130
422	5956
423	5644
424	5404
425	5350
426	5029
427	5104
428	4924
429	4944
430	4868
431	4908
432	4980
433	4627
434	4572
435	4306
436	4206
437	4059
438	4066
439	3945
440	4036
441	4051
442	4046
443	4097
444	3649
445	3586
446	3460
447	3312
448	3257
449	3314
450	3211
451	3419
452	3304
453	3411
454	3155
455	3181
456	3080
457	2911
458	2891
459	2865
460	2879
461	2911
462	2957
463	3069
464	2878
465	2742
466	2606
467	2641
468	2550
469	2461
470	2544
471	2593
472	2516
473	2713
474	2782
475	2569
476	2409
477	2547
478	2384
479	2249
480	2404
481	2463
482	2453
483	2526
484	2538
485	2578
486	2556
487	2465
488	2300
489	2284
490	2214
491	2180
492	2257
493	2472
494	2426
495	2466
496	2507
497	2439
498	2288
499	2281
500	2216
501	2205
502	2258
503	2322
504	2339
505	2340
506	2380
507	2307
508	2349
509	2147
510	2183
511	2097
512	2123
513	2180
514	2289
515	2294
516	2297
517	2282
518	2195
519	2110
520	2069
521	2013
522	2127
523	2060
524	2134
525	2154
526	2144
527	2059
528	2157
529	2104
530	2040
531	2004
532	2010
533	1930
534	1983
535	2049
536	2042
537	2111
538	1984
539	1959
540	1875
541	1844
542	1836
543	1763
544	1777
545	1770
546	1820
547	1769
548	1847
549	1672
550	1690
551	1626
552	1595
553	1616
554	1630
555	1569
556	1661
557	1700
558	1591
559	1553
560	1511
561	1466
562	1492
563	1385
564	1352
565	1399
566	1400
567	1467
568	1386
569	1288
570	1377
571	1325
572	1243
573	1207
574	1126
575	1133
576	1137
577	1205
578	1189
579	1190
580	1162
581	1131
582	1117
583	957
584	1054
585	1017
586	977
587	963
588	1037
589	1030
590	1004
591	913
592	949
593	960
594	837
595	875
596	838
597	894
598	859
599	831
600	893
601	831
602	831
603	770
604	737
605	687
606	701
607	634
608	680
609	657
610	662
611	653
612	642
613	668
614	654
615	591
616	597
617	593
618	516
619	568
620	567
621	541
622	531
623	524
624	527
625	506
626	472
627	483
628	469
629	499
630	491
631	473
632	484
633	484
634	489
635	453
636	427
637	412
638	393
639	404
640	423
641	411
642	405
643	391
644	427
645	385
646	406
647	328
648	350
649	341
650	345
651	396
652	356
653	374
654	336
655	322
656	336
657	314
658	298
659	303
660	293
661	313
662	312
663	333
664	325
665	322
666	307
667	267
668	277
669	276
670	283
671	255
672	258
673	251
674	276
675	258
676	226
677	277
678	230
679	192
680	271
681	228
682	217
683	250
684	248
685	260
686	211
687	239
688	232
689	229
690	197
691	216
692	237
693	193
694	181
695	188
696	229
697	202
698	201
699	210
700	176
701	8
702	2
704	2
705	1
706	1
707	2
710	3
711	2
713	2
714	1
718	2
722	1
723	1
725	1
729	1
