23	3
24	11
25	8
26	255
27	224
28	615
29	1572
30	2156
31	3079
32	5597
33	6849
34	6550
35	8261
36	10436
37	9083
38	11059
39	21233
40	42166
41	70804
42	99576
43	114371
44	110629
45	84142
46	54023
47	31044
48	22149
49	28014
50	46851
51	74599
52	107218
53	120075
54	118493
55	95326
56	63195
57	40258
58	23881
59	23148
60	32914
61	52884
62	78738
63	100368
64	105634
65	91656
66	62862
67	38488
68	23658
69	18451
70	21467
71	32037
72	48276
73	192
74	359
75	87588
76	94922
77	74875
78	22551
79	15266
80	14821
81	19689
82	27578
83	37886
84	45285
85	46234
86	39708
87	29362
88	19592
89	12703
90	10154
91	11586
92	15152
93	21406
94	27217
95	30874
96	28926
97	23028
98	15805
99	11175
100	8270
101	7625
102	9420
103	13068
104	16811
105	19795
106	19601
107	17567
108	13019
109	9567
110	7507
111	5999
112	6614
113	8054
114	10157
115	13485
116	13864
117	13620
118	11991
119	9038
120	7346
121	6240
122	6249
123	6194
124	7678
125	9301
126	10867
127	12102
128	12122
129	12244
130	15750
131	19908
132	15915
133	10886
134	9119
135	10012
136	13315
137	21848
138	29164
139	25346
140	30632
141	40932
142	38560
143	29817
144	25480
145	24474
146	26301
147	31615
148	36119
149	32301
150	31087
151	38105
152	45687
153	50465
154	54378
155	59475
156	65082
157	69941
158	67013
159	54657
160	41906
161	39555
162	46638
163	58348
164	73192
165	93012
166	115646
167	130642
168	122209
169	94268
170	66195
171	50721
172	46934
173	54985
174	69703
175	90468
176	110650
177	122775
178	120063
179	101711
180	79497
181	60403
182	51656
183	51893
184	59573
185	68655
186	80433
187	90509
188	93657
189	88324
190	75485
191	64197
192	55862
193	52854
194	52750
195	55535
196	61294
197	65879
198	69941
199	68652
200	63978
201	58406
202	53800
203	50481
204	48865
205	48358
206	48831
207	49188
208	49811
209	49758
210	48007
211	46163
212	44146
213	41932
214	40044
215	38727
216	36869
217	35759
218	34906
219	34443
220	33643
221	32558
222	31746
223	31266
224	29870
225	28259
226	27315
227	25487
228	24586
229	23135
230	22414
231	21949
232	21362
233	21144
234	20217
235	19665
236	18369
237	17200
238	15963
239	15060
240	14249
241	13909
242	13578
243	13118
244	12722
245	12562
246	11912
247	11017
248	10129
249	9449
250	8971
251	8626
252	8296
253	7936
254	8064
255	7657
256	7366
257	6902
258	6425
259	5709
260	5458
261	5096
262	5000
263	4908
264	4839
265	4673
266	4517
267	4236
268	4009
269	3730
270	3244
271	3171
272	3032
273	2934
274	2833
275	2851
276	2863
277	2627
278	2569
279	2475
280	2296
281	2277
282	2095
283	1963
284	1922
285	1972
286	1856
287	1938
288	2025
289	2171
290	2134
291	2152
292	1878
293	1877
294	1672
295	1591
296	1546
297	1606
298	1905
299	2106
300	2369
301	2419
302	2405
303	2103
304	1908
305	1657
306	1563
307	1592
308	1782
309	2144
310	2327
311	2507
312	2686
313	2605
314	2370
315	2107
316	1911
317	1804
318	1887
319	2083
320	2267
321	2570
322	2693
323	2815
324	2666
325	2540
326	2230
327	1975
328	1994
329	2174
330	2161
331	2426
332	2682
333	2713
334	2592
335	2507
336	2339
337	2205
338	2170
339	2043
340	2064
341	2132
342	2159
343	2155
344	2250
345	2239
346	2199
347	2034
348	2033
349	1864
350	1898
351	1733
352	1795
353	1708
354	1713
355	1752
356	1776
357	1859
358	1737
359	1704
360	1692
361	1578
362	1500
363	1408
364	1380
365	1385
366	1414
367	1366
368	1457
369	1389
370	1363
371	1242
372	1155
373	1116
374	1059
375	1035
376	970
377	954
378	994
379	955
380	1039
381	912
382	892
383	800
384	789
385	733
386	742
387	657
388	706
389	692
390	718
391	708
392	640
393	623
394	580
395	486
396	531
397	470
398	470
399	473
400	451
401	426
402	423
403	389
404	392
405	359
406	326
407	305
408	318
409	324
410	268
411	283
412	254
413	246
414	245
415	249
416	213
417	202
418	200
419	185
420	170
421	170
422	196
423	120
424	142
425	165
426	131
427	130
428	127
429	102
430	98
431	84
432	105
433	105
434	93
435	90
436	88
437	68
438	66
439	76
440	62
441	62
442	64
443	60
444	60
445	72
446	55
447	46
448	53
449	35
450	52
451	35
452	32
453	33
454	28
455	32
456	45
457	38
458	32
459	25
460	29
461	28
462	19
463	33
464	28
465	27
466	28
467	31
468	17
469	19
470	12
471	26
472	24
473	17
474	24
475	19
476	27
477	21
478	21
479	17
480	18
481	23
482	13
483	30
484	10
485	19
486	16
487	11
488	15
489	17
490	10
491	15
492	13
493	11
494	14
495	10
496	5
497	12
498	10
499	15
500	11
501	11
502	10
503	9
504	3
505	6
506	9
507	8
508	6
509	9
510	12
511	10
512	5
513	11
514	6
515	6
516	9
517	10
518	7
519	16
520	11
521	5
522	5
523	6
524	9
525	8
526	8
527	9
528	5
529	7
530	12
531	4
532	3
533	11
534	5
535	2
536	4
537	4
538	8
539	4
540	3
542	6
543	10
544	1
545	8
546	5
547	6
548	6
549	8
550	4
551	4
552	4
553	2
554	3
555	4
556	4
557	1
558	2
559	1
560	2
561	5
562	4
563	1
564	1
565	1
566	7
569	1
570	4
571	4
572	1
573	2
574	1
575	4
576	1
577	2
579	3
580	1
581	3
583	1
584	2
585	1
586	2
588	1
589	1
590	1
591	1
592	2
596	2
597	1
604	1
606	3
608	1
612	1
613	1
614	1
616	1
628	2
629	1
630	1
633	1
636	1
637	1
638	1
640	1
644	1
647	1
648	1
651	2
653	1
656	2
664	1
668	1
669	2
672	1
678	1
680	1
685	1
688	1
694	1
697	1
702	1
