23	6
24	3
25	25
26	232
27	274
28	568
29	1258
30	1692
31	2328
32	4130
33	5046
34	4659
35	5558
36	7329
37	6887
38	8435
39	13459
40	24226
41	38548
42	54268
43	61591
44	58681
45	45147
46	32224
47	22316
48	17383
49	20723
50	30994
51	46016
52	66522
53	71824
54	72755
55	60027
56	43250
57	33549
58	22551
59	22845
60	27909
61	40463
62	58774
63	73769
64	81049
65	70079
66	51863
67	35049
68	25058
69	21585
70	23589
71	31095
72	42882
73	166
74	290
75	73565
76	86490
77	70670
78	27180
79	21670
80	20209
81	23827
82	29994
83	37939
84	45264
85	47403
86	42705
87	34877
88	25816
89	20100
90	16957
91	17374
92	20559
93	26242
94	32164
95	36055
96	34850
97	29513
98	23561
99	18613
100	16063
101	14584
102	15819
103	18906
104	23024
105	26843
106	26730
107	25442
108	20981
109	16783
110	14199
111	12671
112	12554
113	14642
114	17025
115	19875
116	21411
117	21770
118	19590
119	16066
120	14098
121	12409
122	11387
123	11638
124	13540
125	15895
126	17720
127	20072
128	20223
129	18848
130	19828
131	21831
132	18065
133	14232
134	13616
135	15042
136	17942
137	25023
138	31033
139	30496
140	38588
141	49910
142	43844
143	32307
144	25853
145	24775
146	26618
147	32027
148	39448
149	41583
150	52756
151	67855
152	68075
153	61538
154	60825
155	64182
156	67718
157	68846
158	64173
159	53960
160	46013
161	48891
162	56444
163	68764
164	83722
165	103184
166	121180
167	125908
168	109246
169	83593
170	60396
171	50290
172	48900
173	56971
174	71552
175	88501
176	104369
177	109995
178	100134
179	83132
180	63340
181	50574
182	44747
183	44398
184	51022
185	57511
186	65982
187	71141
188	72084
189	64266
190	54245
191	45111
192	39940
193	37616
194	38128
195	38783
196	42599
197	45440
198	46689
199	44353
200	39640
201	35196
202	32461
203	30569
204	29983
205	29056
206	29387
207	28818
208	28607
209	27503
210	26235
211	24841
212	23348
213	22163
214	21099
215	20340
216	19249
217	18650
218	17859
219	17115
220	16394
221	15368
222	14591
223	13958
224	13489
225	13267
226	12523
227	11438
228	10966
229	10453
230	9870
231	9002
232	8607
233	8411
234	8141
235	7976
236	7194
237	6819
238	6231
239	6003
240	5443
241	5213
242	5050
243	4681
244	4617
245	4564
246	4137
247	3908
248	3552
249	3252
250	3102
251	2989
252	2716
253	2616
254	2600
255	2507
256	2364
257	2217
258	2044
259	1913
260	1799
261	1642
262	1530
263	1462
264	1508
265	1433
266	1341
267	1302
268	1287
269	1181
270	1051
271	1058
272	995
273	956
274	906
275	883
276	897
277	871
278	893
279	807
280	844
281	792
282	769
283	685
284	651
285	629
286	656
287	717
288	743
289	810
290	889
291	797
292	689
293	612
294	596
295	555
296	596
297	625
298	769
299	878
300	988
301	934
302	844
303	718
304	651
305	521
306	559
307	586
308	685
309	825
310	874
311	879
312	930
313	840
314	686
315	662
316	602
317	548
318	598
319	708
320	785
321	859
322	825
323	807
324	753
325	625
326	634
327	572
328	573
329	625
330	634
331	676
332	625
333	684
334	671
335	584
336	583
337	518
338	521
339	543
340	484
341	518
342	507
343	501
344	520
345	478
346	447
347	414
348	432
349	394
350	389
351	369
352	356
353	347
354	365
355	359
356	313
357	318
358	304
359	327
360	307
361	265
362	272
363	218
364	212
365	254
366	230
367	203
368	204
369	207
370	193
371	181
372	175
373	173
374	153
375	148
376	137
377	147
378	122
379	132
380	123
381	117
382	130
383	101
384	105
385	100
386	91
387	80
388	71
389	72
390	81
391	74
392	76
393	78
394	63
395	52
396	65
397	53
398	56
399	42
400	43
401	47
402	49
403	43
404	30
405	30
406	27
407	25
408	27
409	32
410	26
411	31
412	24
413	21
414	23
415	20
416	22
417	19
418	16
419	17
420	16
421	12
422	19
423	20
424	17
425	17
426	13
427	15
428	12
429	13
430	12
431	8
432	11
433	9
434	10
435	8
436	8
437	2
438	7
439	6
440	7
441	5
442	5
443	8
444	4
445	5
446	8
447	3
448	2
449	5
450	5
451	5
452	3
453	3
454	4
455	4
456	3
457	2
458	8
459	6
460	1
461	6
462	2
463	2
464	7
465	3
466	4
467	3
468	5
470	3
471	4
472	6
473	5
474	2
476	4
477	4
478	3
479	2
480	4
481	1
482	2
483	5
484	2
485	1
486	5
487	1
488	8
489	2
490	3
491	4
492	4
493	3
494	3
495	3
496	3
497	4
498	5
499	4
500	5
501	5
502	4
503	10
504	8
505	5
506	4
507	1
508	3
509	2
510	6
511	5
512	3
513	2
514	2
515	2
516	4
517	2
518	1
519	2
520	5
521	2
522	1
523	3
528	4
529	3
530	3
531	2
532	2
534	2
535	1
536	3
537	2
540	4
541	2
542	2
543	3
544	3
545	3
546	2
548	1
551	1
553	2
555	2
557	5
558	1
559	2
560	1
562	1
564	3
565	2
567	1
568	1
569	1
570	2
571	1
572	1
573	1
574	4
577	2
578	2
581	1
584	2
586	1
587	3
588	1
590	3
595	2
604	2
605	1
609	1
610	1
611	2
617	1
621	1
624	1
632	2
633	1
634	1
637	3
642	1
650	1
651	2
652	2
657	1
660	6
661	5
663	3
666	2
667	1
668	3
670	1
671	1
672	2
674	1
676	4
677	1
678	2
681	1
683	1
684	3
685	2
686	5
687	3
688	8
689	11
690	8
692	1
695	3
696	1
697	2
698	6
699	4
700	1
