23	3
24	17
25	9
26	102
27	171
28	677
29	1961
30	3292
31	5051
32	8363
33	10907
34	10470
35	10423
36	10634
37	7967
38	8350
39	15676
40	31378
41	54141
42	75920
43	88963
44	86592
45	71480
46	49686
47	30768
48	20548
49	24318
50	40493
51	66409
52	94979
53	110660
54	112091
55	96102
56	70141
57	46684
58	28655
59	24206
60	32497
61	52159
62	81625
63	105891
64	117521
65	105092
66	78634
67	52565
68	33182
69	23959
70	25501
71	37888
72	57654
73	391
74	656
75	113446
76	139743
77	109554
78	39353
79	27148
80	22574
81	28034
82	41061
83	57112
84	72099
85	78381
86	72067
87	57956
88	40770
89	28860
90	20647
91	21108
92	27773
93	39168
94	51968
95	61296
96	61155
97	53534
98	39896
99	28677
100	21235
101	18174
102	20922
103	27427
104	37121
105	46091
106	48845
107	46129
108	38125
109	27902
110	21114
111	16954
112	17275
113	20623
114	27033
115	33998
116	37922
117	39255
118	35336
119	27494
120	22748
121	18144
122	16524
123	17061
124	21137
125	26090
126	30656
127	32886
128	31407
129	27788
130	25915
131	24264
132	20919
133	18677
134	19832
135	23341
136	27870
137	31595
138	33421
139	29760
140	27768
141	28147
142	25714
143	25224
144	26200
145	28493
146	30530
147	33683
148	34750
149	31120
150	27706
151	26825
152	27879
153	30495
154	34271
155	39770
156	43933
157	46717
158	43937
159	38233
160	31752
161	27802
162	27505
163	31025
164	37372
165	46101
166	55108
167	60547
168	57905
169	49683
170	39020
171	31847
172	28252
173	28989
174	34377
175	42377
176	50976
177	57009
178	56723
179	51247
180	42863
181	35415
182	30111
183	28640
184	30491
185	35387
186	40713
187	46404
188	49902
189	48125
190	42836
191	36451
192	31540
193	28946
194	28700
195	30068
196	33854
197	37830
198	41554
199	41540
200	38662
201	34159
202	30767
203	28033
204	27277
205	27808
206	29184
207	31322
208	33528
209	34103
210	33641
211	31740
212	28728
213	26381
214	25081
215	24531
216	24619
217	25934
218	27172
219	27959
220	27680
221	26988
222	24640
223	23516
224	22051
225	21908
226	20896
227	21001
228	21926
229	22420
230	22456
231	21877
232	20499
233	19522
234	18469
235	17688
236	17154
237	17378
238	17301
239	17498
240	17790
241	17027
242	16606
243	15934
244	15001
245	14842
246	14132
247	13816
248	13810
249	13394
250	13826
251	13742
252	13571
253	12900
254	12356
255	11676
256	11348
257	10984
258	10858
259	10593
260	10743
261	10539
262	10525
263	9997
264	9709
265	9358
266	9361
267	8904
268	8707
269	8663
270	8364
271	8193
272	8301
273	8152
274	7939
275	7772
276	7480
277	7347
278	6969
279	7237
280	7254
281	6995
282	6710
283	6782
284	6526
285	6259
286	6209
287	6188
288	6172
289	6415
290	6383
291	6213
292	6286
293	5843
294	5778
295	5436
296	5277
297	5483
298	5426
299	5897
300	5859
301	5769
302	5824
303	5797
304	5357
305	5304
306	4947
307	4916
308	5048
309	5097
310	5266
311	5463
312	5546
313	5436
314	5109
315	5078
316	4815
317	4552
318	4513
319	4477
320	4675
321	4624
322	4851
323	4753
324	4757
325	4644
326	4437
327	4249
328	4185
329	4260
330	3997
331	4069
332	4118
333	4037
334	4030
335	3983
336	4054
337	3910
338	3819
339	3600
340	3659
341	3448
342	3361
343	3387
344	3297
345	3317
346	3411
347	3305
348	3380
349	3323
350	3142
351	3083
352	2956
353	2894
354	2771
355	2833
356	2785
357	2772
358	2791
359	2803
360	2595
361	2697
362	2366
363	2340
364	2270
365	2236
366	2286
367	2192
368	2290
369	2236
370	2226
371	2276
372	2061
373	1866
374	1788
375	1685
376	1753
377	1728
378	1684
379	1795
380	1720
381	1710
382	1676
383	1523
384	1393
385	1404
386	1385
387	1357
388	1394
389	1347
390	1346
391	1312
392	1309
393	1234
394	1214
395	1215
396	1062
397	1028
398	965
399	1036
400	1062
401	1075
402	1048
403	982
404	1001
405	846
406	823
407	782
408	755
409	812
410	709
411	784
412	709
413	726
414	749
415	640
416	578
417	592
418	615
419	594
420	557
421	593
422	554
423	545
424	554
425	534
426	470
427	435
428	468
429	449
430	433
431	454
432	431
433	473
434	434
435	429
436	386
437	384
438	352
439	363
440	313
441	367
442	353
443	324
444	344
445	298
446	323
447	290
448	286
449	263
450	239
451	264
452	255
453	273
454	242
455	249
456	255
457	235
458	256
459	214
460	185
461	220
462	180
463	211
464	208
465	186
466	193
467	167
468	154
469	166
470	146
471	157
472	144
473	165
474	161
475	149
476	146
477	141
478	142
479	117
480	137
481	116
482	140
483	120
484	132
485	119
486	104
487	122
488	108
489	135
490	93
491	78
492	94
493	97
494	100
495	93
496	81
497	92
498	72
499	77
500	77
501	86
502	82
503	57
504	81
505	71
506	80
507	70
508	77
509	66
510	64
511	64
512	67
513	66
514	51
515	54
516	61
517	49
518	60
519	42
520	42
521	51
522	48
523	38
524	37
525	31
526	47
527	38
528	46
529	35
530	34
531	37
532	41
533	40
534	22
535	36
536	36
537	29
538	30
539	19
540	32
541	30
542	29
543	30
544	22
545	23
546	24
547	26
548	22
549	20
550	21
551	23
552	31
553	25
554	10
555	18
556	26
557	12
558	19
559	19
560	25
561	15
562	10
563	19
564	17
565	15
566	15
567	12
568	17
569	10
570	8
571	12
572	18
573	9
574	5
575	11
576	11
577	9
578	13
579	9
580	6
581	5
582	7
583	4
584	7
585	6
586	11
587	8
588	4
589	7
590	2
591	2
592	8
593	5
594	6
595	1
596	5
597	2
598	6
599	4
600	3
601	4
602	3
603	7
604	6
605	4
606	4
607	7
608	4
609	3
610	3
611	6
612	3
613	5
614	2
615	4
616	4
617	2
618	5
620	2
622	2
623	1
625	3
626	1
627	3
628	1
629	3
631	1
632	1
633	2
634	1
635	5
636	4
637	2
638	2
640	2
641	1
642	1
643	1
644	1
645	3
646	1
647	4
648	2
649	1
650	3
651	2
652	1
653	3
654	1
655	2
656	1
657	2
658	2
659	1
661	1
664	1
665	1
666	2
672	1
673	2
674	1
675	2
676	4
677	3
679	1
681	1
682	2
684	2
686	2
689	2
690	1
693	3
695	2
697	1
698	2
699	1
700	1
