24	1
26	244
27	285
28	838
29	1695
30	2354
31	3381
32	6279
33	7330
34	6343
35	8023
36	10683
37	11161
38	14184
39	24510
40	44869
41	71782
42	101156
43	113386
44	108346
45	83378
46	60959
47	44199
48	34122
49	39097
50	55874
51	79739
52	111447
53	113876
54	113752
55	98079
56	73297
57	58051
58	39158
59	37943
60	45426
61	61860
62	85321
63	104823
64	111738
65	98364
66	74747
67	53018
68	38845
69	33964
70	35753
71	44952
72	59685
73	252
74	392
75	101677
76	116943
77	98590
78	39990
79	32563
80	29938
81	34388
82	41156
83	50813
84	58984
85	62239
86	56562
87	47523
88	36546
89	29848
90	25021
91	25063
92	29070
93	35973
94	42985
95	47502
96	45186
97	39401
98	31946
99	25959
100	23032
101	21220
102	22222
103	26349
104	30704
105	34744
106	35504
107	32955
108	28331
109	22931
110	19831
111	17598
112	17818
113	19779
114	23227
115	26290
116	27752
117	27966
118	25634
119	21107
120	18893
121	16366
122	15277
123	15882
124	18233
125	20772
126	22107
127	23731
128	23857
129	22024
130	21546
131	22101
132	18804
133	16175
134	15614
135	17730
136	20157
137	24982
138	28722
139	27797
140	31762
141	38178
142	33872
143	26197
144	22065
145	21845
146	23459
147	27310
148	31669
149	32435
150	36777
151	43785
152	44125
153	40487
154	40057
155	43174
156	45647
157	47437
158	45138
159	38773
160	33136
161	34024
162	38168
163	44160
164	51099
165	61847
166	72477
167	76031
168	68272
169	54370
170	40960
171	34501
172	32817
173	36959
174	44569
175	54392
176	63874
177	67576
178	62459
179	53605
180	42185
181	34084
182	30174
183	29889
184	33161
185	36798
186	41859
187	45006
188	46040
189	42261
190	36303
191	30899
192	27518
193	25769
194	25975
195	26589
196	28161
197	30062
198	31883
199	30430
200	27444
201	24653
202	22605
203	21271
204	20339
205	20025
206	20474
207	20416
208	20527
209	19910
210	18950
211	18066
212	17111
213	16008
214	15192
215	14537
216	14169
217	13412
218	13246
219	12821
220	12604
221	12007
222	11223
223	10679
224	10044
225	9991
226	9351
227	8787
228	8496
229	8088
230	7959
231	7702
232	7223
233	7148
234	6731
235	6488
236	5934
237	5637
238	5028
239	4930
240	4794
241	4610
242	4405
243	4286
244	4119
245	4008
246	3670
247	3473
248	3209
249	2937
250	3021
251	2739
252	2784
253	2637
254	2530
255	2446
256	2234
257	2134
258	2069
259	1931
260	1910
261	1759
262	1663
263	1627
264	1564
265	1518
266	1438
267	1468
268	1356
269	1225
270	1204
271	1165
272	1096
273	1095
274	1079
275	991
276	958
277	984
278	979
279	942
280	927
281	831
282	877
283	799
284	785
285	749
286	694
287	779
288	856
289	837
290	853
291	815
292	714
293	723
294	652
295	613
296	651
297	655
298	726
299	878
300	851
301	873
302	825
303	678
304	644
305	570
306	564
307	627
308	651
309	752
310	832
311	834
312	781
313	751
314	655
315	607
316	605
317	526
318	609
319	609
320	726
321	761
322	767
323	714
324	713
325	612
326	583
327	570
328	608
329	604
330	673
331	683
332	633
333	616
334	651
335	591
336	534
337	500
338	463
339	519
340	496
341	474
342	482
343	516
344	469
345	473
346	478
347	472
348	429
349	430
350	419
351	408
352	391
353	371
354	360
355	382
356	361
357	369
358	333
359	348
360	327
361	314
362	286
363	262
364	257
365	250
366	239
367	225
368	246
369	255
370	236
371	207
372	218
373	197
374	178
375	183
376	180
377	165
378	176
379	152
380	176
381	161
382	149
383	153
384	140
385	112
386	85
387	110
388	110
389	105
390	110
391	107
392	97
393	87
394	74
395	72
396	76
397	65
398	76
399	61
400	76
401	66
402	66
403	48
404	50
405	46
406	52
407	49
408	42
409	54
410	43
411	50
412	32
413	44
414	36
415	30
416	35
417	34
418	42
419	25
420	29
421	32
422	26
423	21
424	28
425	18
426	13
427	15
428	14
429	19
430	13
431	18
432	18
433	21
434	22
435	15
436	12
437	13
438	8
439	14
440	9
441	11
442	14
443	18
444	11
445	4
446	11
447	11
448	6
449	4
450	8
451	6
452	13
453	5
454	11
455	11
456	11
457	6
458	7
459	6
460	4
461	6
462	5
463	6
464	7
465	5
466	3
467	8
468	5
469	7
470	4
471	4
472	8
473	10
474	8
475	4
476	2
477	8
478	4
479	5
480	5
481	8
482	6
483	8
484	4
485	4
486	1
487	6
488	5
489	8
490	8
491	8
492	2
493	6
494	3
495	1
496	4
497	1
498	4
499	6
500	2
501	2
502	5
503	3
504	6
505	5
506	3
507	5
508	3
509	4
510	2
511	2
512	4
513	4
514	5
515	3
516	2
517	5
520	4
521	5
523	4
524	2
525	3
526	3
527	3
528	1
529	3
530	4
531	3
532	3
533	2
534	3
535	1
536	1
537	3
538	8
539	1
540	4
541	2
542	2
543	8
545	5
546	2
547	2
548	1
549	2
551	2
552	1
554	2
557	7
558	2
559	1
561	1
564	3
565	3
566	4
567	1
568	1
569	1
570	1
574	1
577	1
578	1
579	1
581	1
583	1
584	1
588	1
594	1
601	1
602	1
603	1
605	1
607	1
609	1
612	2
613	1
619	1
623	2
625	2
628	1
631	1
634	1
635	2
640	1
642	1
643	1
645	1
646	1
647	1
648	1
654	4
658	1
659	1
660	1
661	1
662	1
665	1
666	1
668	1
673	1
674	1
678	3
682	1
685	1
688	3
689	5
693	2
694	1
696	2
697	1
698	3
699	3
700	1
