24	5
25	1
26	75
27	120
28	407
29	959
30	1403
31	2286
32	3719
33	4475
34	4309
35	4664
36	5449
37	5126
38	6117
39	10215
40	17237
41	27207
42	37195
43	41003
44	39188
45	31760
46	23757
47	16523
48	13097
49	15058
50	20621
51	29049
52	39050
53	42592
54	41908
55	35181
56	27232
57	20570
58	14875
59	14392
60	16754
61	22362
62	30662
63	37454
64	39786
65	35004
66	26410
67	19147
68	14509
69	12590
70	13211
71	16302
72	21628
73	119
74	171
75	39467
76	42840
77	36201
78	15097
79	12350
80	11246
81	13243
82	15544
83	18986
84	22215
85	23209
86	21211
87	17552
88	14156
89	11284
90	9952
91	10061
92	11329
93	13829
94	16353
95	18382
96	17751
97	15124
98	12738
99	10282
100	9124
101	8621
102	9123
103	10548
104	12172
105	14028
106	14209
107	13560
108	11819
109	9719
110	8339
111	7544
112	7818
113	8571
114	9892
115	11455
116	12104
117	12457
118	11754
119	9719
120	8761
121	7803
122	7457
123	7544
124	8406
125	9822
126	10775
127	12649
128	13569
129	12531
130	13254
131	14692
132	12025
133	9375
134	8873
135	10193
136	12000
137	16973
138	21326
139	20899
140	25622
141	31918
142	27962
143	20572
144	17398
145	17316
146	18865
147	23402
148	27627
149	28785
150	33494
151	41162
152	41403
153	39574
154	39794
155	43229
156	46714
157	49161
158	47882
159	40341
160	34731
161	35351
162	39847
163	46819
164	55774
165	68453
166	81699
167	87323
168	79294
169	63497
170	48262
171	40251
172	39210
173	43484
174	52868
175	65809
176	77291
177	82751
178	78906
179	67884
180	53959
181	44582
182	39196
183	39238
184	42760
185	47969
186	54912
187	60451
188	62543
189	58908
190	50514
191	43695
192	38653
193	36444
194	36333
195	37471
196	40594
197	43475
198	45566
199	45066
200	41516
201	38118
202	34405
203	32441
204	30787
205	30580
206	31526
207	31431
208	31865
209	31639
210	30463
211	29336
212	27222
213	25867
214	24522
215	23452
216	22626
217	22624
218	22024
219	21391
220	21285
221	20361
222	19231
223	18621
224	17753
225	16860
226	15836
227	15184
228	14739
229	14539
230	13956
231	13164
232	12996
233	12162
234	11816
235	11278
236	10483
237	9926
238	9481
239	9032
240	8782
241	8330
242	8247
243	7858
244	7450
245	7098
246	6754
247	6311
248	5953
249	5729
250	5373
251	5187
252	5170
253	4940
254	4675
255	4485
256	4349
257	4142
258	3708
259	3622
260	3505
261	3447
262	3360
263	3139
264	3016
265	2945
266	2861
267	2767
268	2605
269	2464
270	2324
271	2343
272	2351
273	2235
274	2112
275	1985
276	2111
277	2027
278	2099
279	2107
280	2072
281	2030
282	1893
283	1803
284	1811
285	1845
286	1789
287	1869
288	2061
289	2228
290	2292
291	2201
292	2159
293	2042
294	1819
295	1914
296	1763
297	1985
298	2336
299	2714
300	2814
301	2932
302	2809
303	2564
304	2291
305	2047
306	2064
307	2173
308	2373
309	2796
310	2994
311	3288
312	3290
313	3295
314	2873
315	2670
316	2486
317	2474
318	2650
319	2869
320	3143
321	3443
322	3552
323	3569
324	3418
325	3158
326	2953
327	2836
328	2841
329	2958
330	2979
331	3360
332	3238
333	3381
334	3222
335	3103
336	3067
337	3009
338	2925
339	2967
340	2795
341	2785
342	2823
343	2795
344	2832
345	2840
346	2817
347	2695
348	2709
349	2670
350	2561
351	2516
352	2399
353	2323
354	2375
355	2246
356	2387
357	2343
358	2379
359	2340
360	2175
361	2083
362	1910
363	1827
364	1844
365	1706
366	1775
367	1898
368	1759
369	1778
370	1750
371	1697
372	1520
373	1379
374	1391
375	1285
376	1272
377	1292
378	1340
379	1353
380	1282
381	1270
382	1131
383	1015
384	986
385	971
386	918
387	909
388	850
389	870
390	862
391	832
392	869
393	765
394	698
395	634
396	602
397	618
398	580
399	576
400	637
401	522
402	583
403	529
404	485
405	482
406	409
407	405
408	398
409	403
410	393
411	404
412	389
413	310
414	317
415	314
416	296
417	258
418	240
419	243
420	261
421	227
422	264
423	227
424	219
425	219
426	186
427	166
428	189
429	190
430	176
431	169
432	165
433	163
434	126
435	137
436	137
437	119
438	127
439	111
440	127
441	133
442	97
443	125
444	125
445	107
446	104
447	98
448	108
449	84
450	81
451	90
452	80
453	119
454	85
455	103
456	76
457	77
458	77
459	78
460	77
461	67
462	83
463	85
464	92
465	89
466	78
467	75
468	81
469	66
470	61
471	77
472	72
473	73
474	77
475	95
476	59
477	72
478	82
479	68
480	71
481	58
482	72
483	85
484	78
485	75
486	58
487	70
488	62
489	77
490	70
491	49
492	57
493	68
494	58
495	65
496	52
497	60
498	61
499	57
500	60
501	59
502	70
503	45
504	72
505	68
506	44
507	45
508	56
509	67
510	53
511	55
512	62
513	45
514	34
515	44
516	43
517	59
518	44
519	49
520	49
521	45
522	55
523	33
524	41
525	40
526	37
527	43
528	45
529	41
530	42
531	36
532	34
533	21
534	33
535	26
536	23
537	23
538	28
539	28
540	28
541	22
542	27
543	23
544	34
545	27
546	22
547	29
548	26
549	26
550	20
551	18
552	20
553	12
554	20
555	20
556	18
557	19
558	15
559	20
560	8
561	15
562	12
563	15
564	5
565	13
566	8
567	11
568	4
569	10
570	12
571	8
572	13
573	9
574	6
575	13
576	2
577	3
578	5
579	7
580	7
581	8
582	3
583	7
584	9
585	9
586	4
587	4
588	3
589	7
590	3
591	6
592	5
593	4
594	8
595	2
596	6
597	6
598	2
599	4
600	2
601	7
602	4
603	1
604	6
605	4
606	2
607	1
608	2
609	2
610	4
611	3
612	4
613	4
615	3
616	2
617	6
618	3
619	2
620	4
621	1
622	4
623	5
624	3
625	2
626	2
627	2
628	1
629	2
630	1
632	3
633	1
634	1
635	3
636	5
637	1
640	3
642	5
643	2
644	2
645	2
646	4
647	1
649	4
650	3
653	1
654	1
655	3
656	2
657	2
658	3
660	2
661	3
662	1
663	1
665	1
668	2
671	1
673	1
674	2
675	1
677	2
679	1
681	2
682	1
683	1
684	2
685	2
686	1
687	1
688	1
689	3
690	7
692	3
695	2
696	1
697	1
698	4
699	2
700	1
