23	1
25	4
26	40
27	44
28	157
29	373
30	508
31	788
32	1283
33	1564
34	1503
35	1861
36	2352
37	2072
38	2595
39	5413
40	10965
41	18660
42	26032
43	28760
44	27682
45	21163
46	13805
47	8302
48	5608
49	6777
50	11830
51	18835
52	26972
53	29160
54	28795
55	23787
56	16398
57	11018
58	6395
59	6248
60	8884
61	13988
62	21937
63	27530
64	30235
65	25780
66	18782
67	11883
68	7270
69	5649
70	7034
71	10554
72	15603
73	137
74	218
75	30214
76	35645
77	28128
78	9093
79	6427
80	6064
81	8168
82	11804
83	15990
84	19551
85	20586
86	18990
87	14421
88	9969
89	6816
90	5537
91	6226
92	8338
93	11997
94	15472
95	17260
96	16715
97	13887
98	10377
99	7224
100	5670
101	5482
102	6730
103	9099
104	12008
105	14228
106	14386
107	12962
108	10616
109	7698
110	6207
111	5157
112	5741
113	7247
114	9185
115	11270
116	12414
117	12546
118	10741
119	8478
120	7032
121	6170
122	5844
123	6355
124	8075
125	10062
126	10947
127	11394
128	10728
129	9664
130	9957
131	10548
132	9290
133	7910
134	8647
135	9755
136	11052
137	12948
138	13429
139	12453
140	13012
141	14919
142	14748
143	13988
144	13815
145	14598
146	15319
147	16097
148	16056
149	14349
150	13913
151	15133
152	17419
153	20088
154	22096
155	25400
156	27294
157	26867
158	24367
159	19953
160	16047
161	15554
162	17316
163	21662
164	26746
165	33111
166	39085
167	40636
168	36084
169	28769
170	21699
171	17597
172	17231
173	19989
174	25019
175	31764
176	37038
177	39670
178	37897
179	31820
180	25430
181	20230
182	17643
183	18236
184	20687
185	24743
186	28596
187	31461
188	32286
189	29466
190	25174
191	21344
192	18723
193	17454
194	18487
195	20155
196	22864
197	25527
198	26592
199	25346
200	22707
201	19910
202	18082
203	16879
204	16842
205	18018
206	18980
207	20202
208	21015
209	20422
210	18986
211	17700
212	16390
213	15015
214	14954
215	14960
216	15491
217	16125
218	16581
219	16158
220	15613
221	14875
222	13450
223	12911
224	12552
225	12264
226	12773
227	12487
228	12887
229	12907
230	12435
231	11995
232	11011
233	10741
234	10330
235	10178
236	9910
237	9807
238	9686
239	9828
240	9558
241	9272
242	9049
243	8629
244	8072
245	8220
246	7825
247	7867
248	7642
249	7637
250	7547
251	7312
252	7099
253	6788
254	6560
255	6632
256	6438
257	6349
258	6227
259	6125
260	6006
261	5915
262	5726
263	5603
264	5400
265	5464
266	5484
267	5397
268	5435
269	5289
270	5338
271	5026
272	4733
273	4859
274	4635
275	4712
276	4698
277	5001
278	5193
279	5089
280	5020
281	4755
282	4728
283	4316
284	4395
285	4461
286	4639
287	5088
288	5400
289	5585
290	5670
291	5685
292	5086
293	4913
294	4562
295	4532
296	4660
297	5219
298	5900
299	6299
300	6954
301	6976
302	6668
303	5961
304	5517
305	5030
306	4992
307	5304
308	6226
309	6862
310	7399
311	7384
312	7617
313	7040
314	6691
315	5858
316	5764
317	5676
318	5935
319	6341
320	6843
321	7133
322	7534
323	7407
324	6888
325	6490
326	5950
327	5832
328	5983
329	5901
330	6182
331	6561
332	6585
333	6786
334	6361
335	6389
336	5971
337	5798
338	5653
339	5388
340	5554
341	5778
342	5705
343	5623
344	5591
345	5534
346	5413
347	5394
348	5230
349	4957
350	4859
351	4941
352	4664
353	4689
354	4463
355	4526
356	4566
357	4575
358	4351
359	4520
360	4411
361	4050
362	4032
363	3807
364	3681
365	3662
366	3672
367	3676
368	3762
369	3682
370	3682
371	3409
372	3248
373	3064
374	2922
375	2808
376	2832
377	2875
378	3055
379	2894
380	2926
381	2709
382	2695
383	2468
384	2335
385	2167
386	2144
387	2132
388	2249
389	2242
390	2152
391	2173
392	2101
393	1901
394	1763
395	1758
396	1595
397	1647
398	1642
399	1651
400	1578
401	1631
402	1584
403	1457
404	1340
405	1308
406	1322
407	1193
408	1269
409	1250
410	1219
411	1180
412	1153
413	1156
414	1101
415	1087
416	970
417	860
418	924
419	864
420	974
421	950
422	913
423	907
424	835
425	893
426	740
427	725
428	773
429	650
430	749
431	747
432	686
433	645
434	675
435	626
436	601
437	618
438	566
439	553
440	667
441	592
442	577
443	564
444	627
445	573
446	570
447	485
448	508
449	463
450	454
451	476
452	532
453	556
454	561
455	458
456	450
457	459
458	450
459	462
460	447
461	396
462	437
463	466
464	476
465	435
466	475
467	508
468	442
469	419
470	407
471	360
472	391
473	441
474	463
475	435
476	440
477	436
478	410
479	370
480	352
481	388
482	378
483	398
484	376
485	435
486	422
487	382
488	376
489	340
490	342
491	329
492	332
493	385
494	340
495	358
496	344
497	323
498	372
499	334
500	330
501	311
502	321
503	289
504	333
505	329
506	320
507	293
508	290
509	292
510	301
511	258
512	268
513	281
514	266
515	230
516	263
517	262
518	243
519	276
520	232
521	224
522	228
523	204
524	202
525	212
526	226
527	220
528	194
529	217
530	179
531	200
532	180
533	169
534	166
535	148
536	144
537	184
538	181
539	163
540	137
541	157
542	145
543	136
544	127
545	137
546	127
547	136
548	136
549	124
550	139
551	109
552	117
553	111
554	99
555	122
556	110
557	107
558	97
559	100
560	114
561	96
562	94
563	100
564	88
565	66
566	82
567	56
568	83
569	73
570	75
571	64
572	69
573	57
574	45
575	56
576	50
577	65
578	58
579	55
580	65
581	56
582	60
583	43
584	54
585	49
586	46
587	44
588	42
589	43
590	44
591	51
592	43
593	38
594	26
595	34
596	37
597	35
598	40
599	35
600	23
601	36
602	28
603	33
604	29
605	21
606	30
607	23
608	24
609	33
610	33
611	26
612	28
613	18
614	21
615	27
616	15
617	26
618	28
619	10
620	22
621	17
622	28
623	24
624	18
625	24
626	16
627	25
628	20
629	24
630	13
631	15
632	12
633	13
634	21
635	19
636	18
637	19
638	12
639	10
640	16
641	13
642	17
643	22
644	13
645	16
646	22
647	20
648	14
649	5
650	11
651	12
652	10
653	14
654	8
655	14
656	10
657	12
658	9
659	11
660	16
661	10
662	11
663	8
664	11
665	4
666	11
667	7
668	15
669	12
670	8
671	7
672	8
673	11
674	12
675	13
676	8
677	7
678	9
679	8
680	16
681	13
682	1
683	3
684	7
685	3
686	4
687	5
688	5
689	4
690	4
691	10
692	10
693	4
694	8
695	2
696	4
697	9
698	5
699	4
700	6
