24	2
25	6
26	76
27	139
28	447
29	997
30	1325
31	1767
32	3326
33	3848
34	3389
35	4305
36	5974
37	6309
38	8559
39	14482
40	26790
41	41109
42	58544
43	65417
44	65905
45	52979
46	41691
47	31155
48	25788
49	29085
50	41194
51	57802
52	77605
53	82618
54	82308
55	70821
56	54833
57	43247
58	31376
59	30737
60	36237
61	48642
62	64520
63	78429
64	82653
65	73401
66	56406
67	41639
68	31181
69	27448
70	28852
71	36781
72	47347
73	250
74	388
75	83526
76	93082
77	76861
78	30711
79	26249
80	25056
81	28950
82	35472
83	43895
84	52405
85	54663
86	50590
87	42249
88	33484
89	26950
90	22936
91	23620
92	26926
93	33744
94	40370
95	44397
96	43593
97	38722
98	31266
99	25419
100	21983
101	20410
102	22132
103	26305
104	30478
105	35350
106	36566
107	34425
108	29683
109	24624
110	20256
111	18068
112	19010
113	20528
114	24474
115	28327
116	30179
117	29682
118	27836
119	23633
120	20808
121	17789
122	17000
123	17364
124	19941
125	23238
126	25466
127	27707
128	27254
129	25324
130	25820
131	25821
132	21673
133	18223
134	18725
135	21024
136	23602
137	29580
138	34347
139	33863
140	40067
141	47613
142	42310
143	31984
144	27540
145	27157
146	29125
147	33952
148	39526
149	40731
150	48855
151	58633
152	56651
153	53231
154	52128
155	53772
156	57703
157	59807
158	57285
159	49600
160	43972
161	46057
162	50670
163	58932
164	68136
165	80515
166	93182
167	97108
168	87371
169	70436
170	54594
171	46807
172	45167
173	50958
174	60826
175	72920
176	84328
177	87420
178	82040
179	71836
180	57575
181	48136
182	42689
183	43074
184	47241
185	52580
186	58788
187	63296
188	64123
189	59217
190	50858
191	44349
192	39986
193	37900
194	38008
195	38650
196	41807
197	44453
198	46063
199	44105
200	40625
201	36754
202	34316
203	32137
204	30982
205	30121
206	30890
207	30792
208	30865
209	30598
210	29161
211	27749
212	26397
213	24975
214	23301
215	22604
216	21977
217	21464
218	21048
219	20702
220	19811
221	19341
222	18121
223	17032
224	16799
225	15701
226	14885
227	14344
228	13785
229	13386
230	12780
231	12484
232	11869
233	11428
234	11229
235	10740
236	9733
237	9323
238	8763
239	8597
240	8189
241	8086
242	7639
243	7301
244	7029
245	6792
246	6283
247	5904
248	5558
249	5418
250	5198
251	4994
252	5054
253	4619
254	4592
255	4360
256	4078
257	3943
258	3607
259	3476
260	3529
261	3166
262	3124
263	3107
264	3020
265	2896
266	2772
267	2687
268	2580
269	2520
270	2257
271	2294
272	2256
273	2216
274	2122
275	2054
276	2067
277	2053
278	1935
279	1993
280	1863
281	1766
282	1779
283	1712
284	1712
285	1688
286	1665
287	1666
288	1869
289	1892
290	1928
291	1781
292	1734
293	1678
294	1482
295	1418
296	1496
297	1658
298	1838
299	2004
300	2170
301	2101
302	1956
303	1788
304	1565
305	1507
306	1443
307	1587
308	1664
309	1889
310	2133
311	2130
312	2123
313	1891
314	1779
315	1565
316	1544
317	1509
318	1725
319	1848
320	1991
321	2126
322	2103
323	2112
324	1899
325	1718
326	1680
327	1535
328	1566
329	1692
330	1714
331	1941
332	1903
333	1849
334	1811
335	1664
336	1707
337	1505
338	1506
339	1516
340	1477
341	1519
342	1465
343	1490
344	1474
345	1371
346	1392
347	1304
348	1284
349	1320
350	1228
351	1236
352	1149
353	1125
354	1146
355	1092
356	1086
357	1068
358	1038
359	1027
360	981
361	937
362	864
363	786
364	783
365	775
366	784
367	767
368	792
369	733
370	659
371	736
372	637
373	616
374	555
375	541
376	507
377	490
378	537
379	508
380	495
381	486
382	475
383	435
384	436
385	360
386	335
387	300
388	315
389	369
390	322
391	344
392	342
393	281
394	244
395	242
396	224
397	253
398	233
399	211
400	216
401	218
402	210
403	172
404	190
405	154
406	140
407	148
408	132
409	146
410	145
411	120
412	109
413	114
414	122
415	90
416	104
417	106
418	95
419	76
420	83
421	69
422	83
423	75
424	82
425	71
426	68
427	55
428	59
429	53
430	44
431	48
432	57
433	58
434	46
435	57
436	45
437	31
438	34
439	36
440	33
441	38
442	31
443	31
444	32
445	28
446	26
447	26
448	30
449	24
450	26
451	15
452	19
453	20
454	24
455	24
456	20
457	25
458	15
459	21
460	23
461	19
462	23
463	15
464	14
465	21
466	17
467	17
468	20
469	16
470	21
471	9
472	19
473	13
474	13
475	17
476	6
477	13
478	10
479	25
480	18
481	16
482	17
483	15
484	9
485	13
486	11
487	11
488	14
489	19
490	18
491	16
492	10
493	14
494	13
495	10
496	14
497	17
498	10
499	11
500	15
501	12
502	8
503	17
504	13
505	6
506	12
507	16
508	16
509	6
510	14
511	6
512	5
513	12
514	8
515	15
516	12
517	12
518	15
519	9
520	6
521	9
522	7
523	5
524	6
525	16
526	8
527	9
528	8
529	3
530	9
531	2
532	4
533	9
534	7
535	4
536	4
537	2
538	5
539	4
540	6
541	9
542	3
543	7
544	7
545	7
546	13
547	6
548	7
549	3
550	5
551	5
552	2
553	4
554	5
555	5
556	5
557	2
558	4
559	7
560	1
561	3
562	5
563	5
564	6
565	1
566	1
567	1
568	4
569	1
570	2
571	1
572	1
573	3
574	2
575	2
577	3
578	1
580	2
582	2
583	6
584	2
585	1
586	1
589	3
591	3
592	2
595	2
598	4
599	1
601	3
602	1
603	3
604	1
605	3
606	2
607	1
610	3
611	1
615	1
617	1
621	1
622	1
624	1
625	1
626	2
627	1
631	1
636	2
639	2
640	2
642	3
644	3
647	3
648	1
656	1
661	5
664	1
665	1
668	2
669	1
670	1
672	1
675	1
676	3
677	4
678	1
680	1
681	2
684	4
685	3
686	1
687	1
688	1
689	5
690	4
693	1
694	1
697	1
698	5
