23	15
24	17
25	57
26	711
27	886
28	1300
29	1978
30	2315
31	2454
32	3834
33	5208
34	6757
35	9512
36	13549
37	15598
38	15416
39	20192
40	31580
41	43958
42	54041
43	57212
44	54489
45	45325
46	35423
47	25954
48	19846
49	19891
50	27246
51	37424
52	52632
53	53337
54	55401
55	51514
56	42329
57	36457
58	25478
59	23442
60	24279
61	32420
62	44593
63	57286
64	63403
65	60130
66	50039
67	40874
68	32933
69	27490
70	25427
71	27659
72	33653
73	282
74	415
75	67092
76	82367
77	72298
78	38233
79	32427
80	27793
81	25940
82	28487
83	33800
84	38777
85	42758
86	42404
87	40919
88	36854
89	32855
90	28875
91	25286
92	25263
93	27272
94	30331
95	33912
96	34493
97	34352
98	32804
99	30569
100	27953
101	25893
102	23539
103	23842
104	24764
105	27345
106	27957
107	28415
108	28112
109	27177
110	25295
111	24108
112	23026
113	22181
114	23545
115	24003
116	24360
117	23984
118	23746
119	22797
120	23250
121	22690
122	21495
123	21733
124	21435
125	21979
126	21554
127	21881
128	21144
129	20775
130	20985
131	21979
132	21189
133	20346
134	20258
135	20629
136	21117
137	23097
138	23835
139	22084
140	21476
141	23626
142	23869
143	22886
144	22788
145	23193
146	23665
147	24344
148	25038
149	23959
150	22533
151	24250
152	25821
153	27614
154	29956
155	32787
156	35021
157	35492
158	34414
159	30178
160	25754
161	24881
162	26173
163	30410
164	36304
165	44396
166	52645
167	56464
168	53456
169	44606
170	34449
171	28500
172	27766
173	29936
174	36788
175	43819
176	53673
177	57238
178	56065
179	47917
180	40030
181	33209
182	29383
183	29989
184	32549
185	37101
186	43550
187	48501
188	49683
189	46556
190	40347
191	35223
192	32455
193	31330
194	31393
195	33865
196	37224
197	40152
198	41092
199	41118
200	38285
201	35349
202	32960
203	31774
204	32288
205	32408
206	34148
207	35015
208	36492
209	35923
210	34182
211	33200
212	31979
213	30770
214	29936
215	29882
216	29946
217	30674
218	30687
219	30226
220	29209
221	28648
222	28353
223	27732
224	27105
225	26645
226	25607
227	25987
228	26272
229	25603
230	24967
231	25239
232	24287
233	23615
234	23248
235	23005
236	22164
237	21584
238	21560
239	21140
240	20873
241	20700
242	19963
243	19906
244	19450
245	18886
246	18797
247	17792
248	17462
249	17634
250	16974
251	16641
252	16512
253	16328
254	16152
255	16006
256	15194
257	14776
258	14501
259	13924
260	13926
261	13491
262	13792
263	13289
264	13100
265	12771
266	12664
267	12529
268	12098
269	11660
270	11261
271	11163
272	11354
273	11219
274	11027
275	10966
276	10857
277	10309
278	10227
279	10154
280	10291
281	9966
282	9755
283	9766
284	9674
285	9579
286	9437
287	9693
288	9568
289	9895
290	9935
291	9972
292	10258
293	9997
294	9448
295	8703
296	9155
297	8726
298	9250
299	10313
300	10504
301	11139
302	11085
303	10649
304	9796
305	9296
306	8871
307	8744
308	9025
309	9627
310	10144
311	10904
312	11496
313	11278
314	11273
315	10429
316	9823
317	9520
318	9282
319	9410
320	10306
321	10453
322	10816
323	11331
324	11633
325	11305
326	10751
327	10256
328	10104
329	9839
330	10010
331	10255
332	10708
333	11290
334	11150
335	11159
336	11123
337	11040
338	10607
339	10406
340	10281
341	9880
342	9941
343	10009
344	10347
345	10733
346	10909
347	10523
348	10787
349	10506
350	9895
351	9485
352	9476
353	9226
354	9329
355	9514
356	9807
357	10212
358	10127
359	9782
360	9491
361	9092
362	8849
363	8597
364	8537
365	8552
366	8803
367	9009
368	8966
369	9096
370	8770
371	8546
372	8234
373	7655
374	7452
375	7449
376	7556
377	7803
378	7775
379	7898
380	7685
381	7298
382	7071
383	6606
384	6611
385	6605
386	6546
387	6422
388	6459
389	6641
390	6568
391	6368
392	6437
393	6063
394	5652
395	5695
396	5466
397	5539
398	5375
399	5571
400	5496
401	5401
402	5276
403	4957
404	4921
405	4754
406	4618
407	4533
408	4449
409	4596
410	4332
411	4473
412	4365
413	4187
414	3988
415	3924
416	3729
417	3571
418	3418
419	3574
420	3581
421	3636
422	3450
423	3471
424	3290
425	3207
426	2978
427	2984
428	2777
429	2775
430	2829
431	2832
432	2676
433	2666
434	2631
435	2583
436	2412
437	2371
438	2268
439	2226
440	2249
441	2312
442	2286
443	2158
444	2156
445	2069
446	1899
447	1918
448	1889
449	1780
450	1839
451	1800
452	1810
453	1824
454	1783
455	1723
456	1670
457	1541
458	1551
459	1524
460	1553
461	1552
462	1459
463	1530
464	1470
465	1437
466	1391
467	1313
468	1331
469	1247
470	1313
471	1247
472	1275
473	1350
474	1269
475	1291
476	1277
477	1173
478	1172
479	1095
480	1124
481	1123
482	1121
483	1098
484	1178
485	1144
486	1059
487	1118
488	988
489	970
490	997
491	929
492	1061
493	977
494	965
495	1001
496	966
497	967
498	931
499	840
500	811
501	804
502	889
503	891
504	877
505	891
506	882
507	803
508	847
509	794
510	758
511	808
512	757
513	741
514	762
515	735
516	788
517	794
518	744
519	740
520	714
521	681
522	658
523	675
524	606
525	653
526	647
527	648
528	667
529	618
530	585
531	614
532	559
533	568
534	571
535	503
536	542
537	556
538	526
539	529
540	508
541	534
542	477
543	501
544	472
545	456
546	450
547	458
548	462
549	386
550	434
551	439
552	409
553	389
554	360
555	407
556	387
557	343
558	377
559	366
560	343
561	344
562	304
563	276
564	319
565	298
566	312
567	294
568	323
569	284
570	259
571	251
572	280
573	269
574	227
575	256
576	227
577	216
578	231
579	221
580	197
581	233
582	221
583	195
584	188
585	186
586	184
587	182
588	198
589	171
590	174
591	179
592	168
593	136
594	165
595	149
596	151
597	149
598	138
599	148
600	143
601	131
602	135
603	142
604	105
605	102
606	116
607	119
608	94
609	126
610	106
611	108
612	103
613	122
614	105
615	93
616	107
617	96
618	82
619	80
620	77
621	104
622	83
623	77
624	76
625	69
626	76
627	68
628	72
629	61
630	70
631	58
632	73
633	55
634	70
635	83
636	50
637	69
638	52
639	47
640	49
641	57
642	51
643	51
644	48
645	54
646	45
647	51
648	47
649	46
650	47
651	41
652	41
653	38
654	35
655	39
656	51
657	36
658	52
659	43
660	47
661	37
662	34
663	35
664	34
665	40
666	27
667	27
668	30
669	43
670	36
671	23
672	22
673	26
674	31
675	26
676	33
677	27
678	27
679	26
680	24
681	21
682	24
683	24
684	18
685	25
686	27
687	19
688	19
689	19
690	20
691	19
692	29
693	31
694	21
695	19
696	19
697	19
698	22
699	23
700	18
717	1
720	1
