24	6
25	11
26	167
27	166
28	477
29	878
30	1101
31	1351
32	2181
33	2800
34	3075
35	4458
36	6416
37	6165
38	6905
39	11552
40	20363
41	32015
42	42993
43	49675
44	48469
45	38176
46	26336
47	16783
48	12764
49	15047
50	23006
51	33997
52	48098
53	53257
54	52715
55	45529
56	33462
57	23019
58	14915
59	15546
60	19768
61	28696
62	40453
63	50113
64	53717
65	48361
66	35842
67	24772
68	17122
69	14063
70	15855
71	20977
72	29829
73	139
74	357
75	52384
76	61535
77	49870
78	18648
79	14026
80	13300
81	16482
82	21589
83	27359
84	31817
85	33706
86	29982
87	23728
88	17578
89	12926
90	11532
91	12053
92	14847
93	18925
94	23135
95	25605
96	24286
97	20532
98	16239
99	12524
100	10363
101	9840
102	11262
103	13902
104	16717
105	19186
106	18583
107	17747
108	14631
109	11689
110	9528
111	8865
112	9042
113	10686
114	12754
115	14987
116	15675
117	15269
118	13634
119	11218
120	9798
121	8445
122	8188
123	8773
124	9951
125	11916
126	13160
127	13588
128	13155
129	11639
130	11513
131	11616
132	10300
133	9272
134	9687
135	11083
136	13013
137	16512
138	18283
139	16022
140	17040
141	19320
142	17994
143	15104
144	15160
145	15745
146	16994
147	19296
148	21408
149	20228
150	19336
151	22241
152	24366
153	26725
154	30123
155	33372
156	35805
157	37704
158	36639
159	30607
160	24466
161	23571
162	26528
163	33529
164	42515
165	54439
166	66607
167	73187
168	67456
169	52225
170	37454
171	30260
172	28441
173	33643
174	42192
175	54750
176	66486
177	73684
178	69809
179	57777
180	46019
181	36858
182	32182
183	32259
184	36832
185	43901
186	51178
187	58467
188	59400
189	54330
190	45728
191	39331
192	35050
193	34639
194	35024
195	37790
196	42472
197	46600
198	48742
199	46424
200	42245
201	38504
202	35605
203	34423
204	34874
205	35389
206	37550
207	39126
208	39696
209	39247
210	37099
211	34811
212	33315
213	32582
214	31734
215	31899
216	31669
217	32488
218	32179
219	31525
220	30502
221	29525
222	28182
223	27324
224	27132
225	26891
226	26509
227	26007
228	26534
229	25055
230	24700
231	24020
232	23303
233	22625
234	21850
235	21846
236	21230
237	20759
238	19918
239	19952
240	18822
241	18315
242	18469
243	17448
244	17396
245	17152
246	16541
247	16171
248	15760
249	15125
250	15014
251	14593
252	14387
253	13886
254	13663
255	13618
256	13291
257	12918
258	12202
259	11670
260	11665
261	11155
262	10605
263	10723
264	10323
265	10480
266	10469
267	10004
268	10053
269	9442
270	9187
271	9004
272	8876
273	8600
274	8381
275	8603
276	8030
277	8418
278	8315
279	8235
280	8035
281	7705
282	7937
283	7555
284	7231
285	7025
286	7237
287	7131
288	7799
289	7999
290	8075
291	8182
292	7821
293	7181
294	6932
295	6944
296	6737
297	6887
298	7496
299	8109
300	8982
301	9140
302	8809
303	8301
304	7654
305	7106
306	6571
307	6797
308	6969
309	7543
310	8117
311	8372
312	8758
313	8804
314	8421
315	7766
316	7480
317	7119
318	7348
319	7614
320	7809
321	8211
322	8606
323	8812
324	8630
325	8336
326	7900
327	7660
328	7427
329	7365
330	7421
331	7571
332	7663
333	7834
334	8180
335	8091
336	8048
337	7935
338	7639
339	7266
340	6979
341	7083
342	6920
343	6777
344	6975
345	7263
346	7266
347	7235
348	7002
349	6941
350	6728
351	6229
352	6147
353	6087
354	6016
355	6018
356	6162
357	6267
358	6435
359	6224
360	6169
361	5706
362	5475
363	5409
364	5176
365	5093
366	5085
367	5418
368	5426
369	5317
370	5418
371	5133
372	4712
373	4664
374	4327
375	4152
376	4223
377	4445
378	4425
379	4601
380	4545
381	4433
382	4243
383	4012
384	3653
385	3552
386	3456
387	3630
388	3636
389	3712
390	3672
391	3578
392	3566
393	3265
394	3078
395	3028
396	2851
397	2727
398	2888
399	2873
400	2970
401	2879
402	2847
403	2810
404	2629
405	2467
406	2359
407	2233
408	2214
409	2271
410	2298
411	2429
412	2342
413	2210
414	2216
415	2130
416	1878
417	1923
418	1834
419	1838
420	1730
421	1810
422	1831
423	1838
424	1652
425	1608
426	1603
427	1483
428	1490
429	1455
430	1410
431	1486
432	1528
433	1437
434	1409
435	1288
436	1284
437	1263
438	1134
439	1137
440	1052
441	1090
442	1169
443	1163
444	1129
445	1045
446	997
447	1084
448	930
449	936
450	982
451	945
452	897
453	984
454	939
455	989
456	921
457	833
458	840
459	785
460	713
461	784
462	780
463	755
464	814
465	821
466	766
467	744
468	741
469	709
470	664
471	701
472	675
473	634
474	684
475	666
476	656
477	683
478	621
479	617
480	604
481	568
482	580
483	591
484	593
485	598
486	536
487	588
488	541
489	522
490	516
491	531
492	459
493	490
494	458
495	534
496	482
497	543
498	489
499	489
500	439
501	423
502	450
503	411
504	436
505	480
506	448
507	436
508	403
509	400
510	369
511	385
512	300
513	349
514	391
515	380
516	365
517	358
518	358
519	377
520	341
521	362
522	316
523	287
524	283
525	285
526	283
527	331
528	257
529	302
530	266
531	295
532	261
533	271
534	282
535	257
536	224
537	227
538	244
539	242
540	252
541	243
542	231
543	198
544	208
545	193
546	208
547	244
548	203
549	187
550	192
551	172
552	179
553	206
554	213
555	161
556	181
557	162
558	182
559	169
560	142
561	180
562	134
563	174
564	130
565	125
566	137
567	130
568	132
569	105
570	125
571	131
572	153
573	115
574	111
575	118
576	114
577	77
578	116
579	123
580	89
581	109
582	99
583	99
584	99
585	89
586	87
587	93
588	76
589	68
590	92
591	68
592	93
593	73
594	72
595	63
596	51
597	63
598	69
599	62
600	50
601	62
602	73
603	69
604	72
605	58
606	43
607	53
608	40
609	44
610	49
611	54
612	49
613	50
614	45
615	38
616	44
617	47
618	43
619	34
620	43
621	47
622	40
623	51
624	41
625	34
626	36
627	33
628	33
629	35
630	25
631	26
632	40
633	26
634	35
635	28
636	22
637	30
638	27
639	30
640	21
641	23
642	21
643	20
644	28
645	35
646	32
647	18
648	35
649	22
650	20
651	16
652	20
653	20
654	24
655	15
656	21
657	15
658	9
659	9
660	21
661	12
662	10
663	17
664	12
665	14
666	13
667	12
668	10
669	15
670	12
671	9
672	11
673	8
674	17
675	15
676	7
677	7
678	4
679	10
680	10
681	17
682	15
683	15
684	13
685	11
686	9
687	9
688	7
689	9
690	7
691	11
692	7
693	8
694	3
695	6
696	8
697	5
698	5
699	5
700	6
