23	2
24	1
25	3
26	72
27	92
28	299
29	708
30	1053
31	1439
32	2636
33	2961
34	2610
35	2991
36	3664
37	3644
38	4675
39	8041
40	15919
41	26791
42	38899
43	43589
44	42481
45	32335
46	23453
47	16480
48	12875
49	14803
50	22018
51	31192
52	42985
53	44040
54	42900
55	35424
56	26537
57	19695
58	13238
59	13605
60	16332
61	22801
62	31526
63	37678
64	41085
65	35749
66	26761
67	18494
68	13424
69	11870
70	12430
71	15931
72	21464
73	139
74	192
75	37820
76	41709
77	34856
78	13734
79	10920
80	10091
81	11850
82	14933
83	18361
84	21321
85	21984
86	20225
87	16367
88	12579
89	10116
90	8556
91	9029
92	10432
93	13153
94	15319
95	16850
96	16072
97	14309
98	11498
99	9058
100	8130
101	7513
102	8217
103	9647
104	11543
105	12934
106	12880
107	12460
108	10682
109	8567
110	7243
111	6586
112	6902
113	7652
114	9135
115	10373
116	10951
117	11095
118	10291
119	8543
120	7514
121	6947
122	6412
123	6634
124	7816
125	9030
126	9943
127	10957
128	11614
129	10997
130	12053
131	13540
132	11196
133	8596
134	8297
135	9085
136	10737
137	15050
138	19814
139	19524
140	23970
141	31197
142	27970
143	20964
144	16999
145	16501
146	17781
147	21489
148	25866
149	26537
150	30094
151	38313
152	40050
153	39539
154	39754
155	42459
156	45508
157	47808
158	46489
159	38749
160	33302
161	34384
162	39567
163	47740
164	57493
165	69982
166	84728
167	90154
168	81640
169	64844
170	47965
171	40236
172	39403
173	45019
174	56483
175	69993
176	83998
177	90932
178	84855
179	72435
180	57168
181	46087
182	41168
183	41299
184	46895
185	54125
186	61813
187	68829
188	70176
189	65173
190	55078
191	47559
192	42118
193	40324
194	41870
195	43745
196	48137
197	52159
198	53345
199	53060
200	48139
201	43819
202	40164
203	38000
204	37470
205	36867
206	38358
207	39489
208	40160
209	39387
210	37449
211	35611
212	33803
213	32671
214	30692
215	30066
216	29944
217	29342
218	29359
219	29105
220	28172
221	26881
222	25370
223	24046
224	23586
225	22863
226	22304
227	21522
228	20919
229	20193
230	19626
231	18939
232	18065
233	17219
234	16644
235	16179
236	15409
237	14862
238	14512
239	13798
240	13348
241	12587
242	12350
243	11920
244	11280
245	10834
246	10442
247	10246
248	9607
249	9090
250	8621
251	8734
252	8052
253	7964
254	7537
255	7509
256	7286
257	6743
258	6350
259	6052
260	5839
261	5760
262	5599
263	5528
264	5397
265	5134
266	4934
267	4697
268	4599
269	4461
270	4259
271	4168
272	4104
273	4101
274	3944
275	3840
276	3758
277	3706
278	3777
279	3809
280	3735
281	3806
282	3677
283	3619
284	3444
285	3184
286	3479
287	3595
288	3875
289	4328
290	4505
291	4672
292	4532
293	4152
294	3822
295	3618
296	3490
297	4011
298	4808
299	5604
300	6262
301	6682
302	6626
303	6072
304	5290
305	4865
306	4557
307	4717
308	5395
309	6084
310	7046
311	7869
312	8126
313	7869
314	7307
315	6460
316	6142
317	6129
318	6224
319	6996
320	8001
321	8570
322	9112
323	9215
324	8872
325	8327
326	7915
327	7208
328	7207
329	7626
330	7973
331	8552
332	8982
333	8975
334	9174
335	8829
336	8607
337	8122
338	7757
339	7838
340	7872
341	7989
342	7901
343	8134
344	8299
345	8537
346	8468
347	8249
348	8051
349	7736
350	7514
351	7261
352	6983
353	7170
354	6969
355	7168
356	7367
357	7304
358	7356
359	7220
360	6866
361	6521
362	6017
363	5774
364	5812
365	5842
366	6020
367	6133
368	5985
369	6003
370	5732
371	5538
372	5037
373	4854
374	4684
375	4563
376	4464
377	4710
378	4615
379	4455
380	4475
381	4253
382	4084
383	3748
384	3459
385	3491
386	3474
387	3516
388	3450
389	3379
390	3367
391	3264
392	3044
393	2888
394	2628
395	2526
396	2476
397	2409
398	2414
399	2333
400	2294
401	2335
402	2172
403	2093
404	1922
405	1800
406	1673
407	1651
408	1627
409	1620
410	1629
411	1561
412	1583
413	1499
414	1259
415	1265
416	1226
417	1077
418	1088
419	1112
420	1048
421	1078
422	1020
423	933
424	872
425	864
426	772
427	742
428	725
429	710
430	707
431	690
432	729
433	654
434	639
435	591
436	577
437	517
438	487
439	480
440	518
441	517
442	493
443	463
444	488
445	433
446	425
447	362
448	376
449	375
450	363
451	354
452	383
453	436
454	364
455	399
456	357
457	355
458	359
459	317
460	339
461	332
462	340
463	347
464	373
465	377
466	317
467	279
468	339
469	321
470	294
471	317
472	371
473	401
474	350
475	349
476	388
477	323
478	326
479	290
480	309
481	325
482	329
483	336
484	345
485	337
486	350
487	341
488	331
489	316
490	318
491	311
492	322
493	319
494	364
495	326
496	354
497	325
498	301
499	312
500	297
501	292
502	291
503	295
504	304
505	332
506	304
507	280
508	270
509	283
510	297
511	274
512	292
513	279
514	287
515	306
516	287
517	281
518	253
519	267
520	263
521	244
522	222
523	242
524	245
525	243
526	274
527	242
528	257
529	229
530	213
531	208
532	216
533	193
534	216
535	209
536	208
537	210
538	210
539	185
540	178
541	159
542	162
543	148
544	134
545	150
546	154
547	170
548	158
549	135
550	138
551	136
552	136
553	126
554	129
555	113
556	113
557	102
558	117
559	109
560	113
561	100
562	85
563	84
564	85
565	74
566	96
567	58
568	74
569	77
570	78
571	65
572	67
573	72
574	65
575	70
576	49
577	65
578	47
579	54
580	41
581	48
582	43
583	48
584	48
585	40
586	33
587	38
588	42
589	44
590	31
591	33
592	26
593	25
594	34
595	27
596	25
597	26
598	29
599	17
600	27
601	19
602	27
603	19
604	22
605	29
606	23
607	16
608	17
609	13
610	17
611	24
612	27
613	20
614	18
615	15
616	15
617	12
618	14
619	14
620	13
621	14
622	18
623	18
624	14
625	9
626	19
627	8
628	12
629	13
630	12
631	6
632	12
633	12
634	8
635	11
636	10
637	8
638	15
639	6
640	6
641	9
642	7
643	5
644	14
645	9
646	12
647	10
648	9
649	13
650	19
651	12
652	6
653	9
654	6
655	10
656	5
657	7
658	6
659	9
660	11
661	4
662	6
663	8
664	7
665	5
666	5
667	4
668	3
669	6
670	11
671	8
672	7
673	2
674	15
675	7
676	5
677	14
678	6
679	6
680	4
681	2
682	2
683	9
684	3
685	6
686	5
687	4
688	5
689	17
690	10
691	11
692	4
693	1
694	10
695	9
696	2
697	5
698	6
700	7
