23	2
25	1
26	36
27	39
28	131
29	210
30	313
31	424
32	699
33	943
34	917
35	1203
36	1607
37	1689
38	1919
39	3382
40	6360
41	10141
42	14308
43	16534
44	16289
45	13012
46	9309
47	5699
48	4156
49	4892
50	7564
51	11401
52	15988
53	16013
54	16687
55	14571
56	10452
57	7705
58	4692
59	4629
60	6041
61	9012
62	13056
63	16682
64	18165
65	16187
66	11491
67	7605
68	5424
69	4403
70	4766
71	6517
72	9480
73	78
74	161
75	21551
76	20519
77	16837
78	6247
79	4730
80	4256
81	5195
82	7073
83	9047
84	10431
85	11105
86	10042
87	7882
88	5871
89	4407
90	3884
91	3999
92	4927
93	6282
94	7449
95	8587
96	7998
97	7004
98	5522
99	4260
100	3615
101	3489
102	3918
103	4796
104	5657
105	6554
106	6691
107	6136
108	5213
109	4096
110	3530
111	3161
112	3253
113	3742
114	4618
115	5396
116	5341
117	5259
118	4800
119	3980
120	3388
121	3019
122	2957
123	3254
124	3801
125	4451
126	4810
127	4964
128	4481
129	4162
130	3950
131	4192
132	3560
133	3498
134	3600
135	4204
136	4821
137	5798
138	6520
139	5853
140	5921
141	7257
142	6886
143	5936
144	5780
145	5963
146	6504
147	7037
148	7889
149	7231
150	6795
151	8228
152	9497
153	10462
154	11925
155	13549
156	14401
157	14905
158	13911
159	11181
160	9045
161	8924
162	10449
163	13336
164	17011
165	21867
166	26711
167	29282
168	26884
169	20528
170	14910
171	11771
172	11425
173	12933
174	17237
175	22337
176	27244
177	29946
178	28645
179	23690
180	18752
181	14520
182	12811
183	13170
184	14823
185	17907
186	21246
187	24016
188	24564
189	22368
190	18935
191	16253
192	14597
193	13761
194	14443
195	15776
196	17768
197	19148
198	20588
199	19586
200	17999
201	16180
202	15137
203	14469
204	14404
205	14834
206	15520
207	16333
208	16533
209	16351
210	15632
211	14729
212	14011
213	13599
214	13500
215	13628
216	13396
217	13775
218	13513
219	13366
220	13205
221	12677
222	12054
223	11513
224	11747
225	11547
226	11284
227	11390
228	11269
229	11015
230	10727
231	10368
232	9772
233	9820
234	9819
235	9607
236	9398
237	9097
238	8957
239	8582
240	8625
241	8384
242	7941
243	7742
244	7731
245	7528
246	7463
247	7381
248	6976
249	6821
250	6640
251	6384
252	6374
253	6178
254	6239
255	6015
256	5841
257	5738
258	5578
259	5592
260	5348
261	5113
262	5055
263	5062
264	4910
265	4668
266	4715
267	4595
268	4452
269	4486
270	4294
271	4195
272	4143
273	4099
274	3956
275	3872
276	3876
277	3863
278	3916
279	3892
280	3900
281	3873
282	3765
283	3660
284	3591
285	3556
286	3365
287	3641
288	3696
289	4018
290	4189
291	4387
292	4214
293	3876
294	3803
295	3521
296	3493
297	3610
298	4084
299	4629
300	5120
301	5440
302	5406
303	5086
304	4504
305	4161
306	3826
307	3786
308	4081
309	4516
310	5145
311	5682
312	5950
313	5941
314	5495
315	5276
316	4648
317	4526
318	4637
319	4889
320	5304
321	5811
322	6281
323	6407
324	6447
325	6145
326	5774
327	5547
328	5345
329	5273
330	5464
331	5873
332	6127
333	6418
334	6322
335	6540
336	6519
337	6209
338	5973
339	5745
340	5544
341	5667
342	5764
343	5921
344	6040
345	6195
346	6361
347	6341
348	6184
349	5962
350	5772
351	5471
352	5364
353	5291
354	5569
355	5592
356	5847
357	6003
358	6094
359	5953
360	5520
361	5419
362	5162
363	5013
364	5010
365	4960
366	5206
367	5323
368	5488
369	5424
370	5339
371	5133
372	4772
373	4627
374	4429
375	4311
376	4391
377	4614
378	4759
379	4890
380	4701
381	4493
382	4504
383	4256
384	4086
385	3864
386	3920
387	3869
388	3958
389	4001
390	4060
391	4042
392	3935
393	3710
394	3604
395	3349
396	3192
397	3288
398	3339
399	3349
400	3372
401	3314
402	3253
403	3298
404	3008
405	2783
406	2752
407	2688
408	2720
409	2794
410	2791
411	2732
412	2718
413	2589
414	2502
415	2392
416	2301
417	2343
418	2209
419	2292
420	2235
421	2275
422	2208
423	2088
424	2096
425	1937
426	1909
427	1855
428	1728
429	1882
430	1837
431	1803
432	1875
433	1803
434	1707
435	1624
436	1577
437	1601
438	1484
439	1447
440	1574
441	1606
442	1500
443	1500
444	1431
445	1446
446	1380
447	1362
448	1325
449	1331
450	1248
451	1334
452	1335
453	1291
454	1368
455	1169
456	1272
457	1167
458	1115
459	1103
460	1111
461	1203
462	1119
463	1131
464	1124
465	1166
466	1136
467	1092
468	1034
469	1016
470	1027
471	1048
472	1008
473	1117
474	1077
475	1129
476	1063
477	1023
478	1037
479	922
480	952
481	1010
482	1007
483	990
484	1062
485	1054
486	1052
487	952
488	928
489	900
490	943
491	960
492	982
493	945
494	966
495	1030
496	1013
497	993
498	1019
499	917
500	951
501	845
502	885
503	954
504	996
505	930
506	955
507	984
508	980
509	901
510	816
511	825
512	855
513	895
514	883
515	862
516	967
517	874
518	886
519	857
520	823
521	860
522	831
523	814
524	841
525	882
526	813
527	880
528	789
529	837
530	790
531	763
532	747
533	780
534	798
535	794
536	805
537	810
538	755
539	777
540	776
541	698
542	716
543	651
544	685
545	652
546	684
547	716
548	661
549	676
550	662
551	692
552	628
553	619
554	608
555	601
556	602
557	625
558	566
559	588
560	563
561	599
562	564
563	557
564	538
565	511
566	523
567	545
568	524
569	497
570	509
571	510
572	492
573	466
574	471
575	437
576	461
577	464
578	438
579	423
580	472
581	418
582	421
583	421
584	375
585	388
586	406
587	355
588	425
589	410
590	375
591	375
592	388
593	362
594	354
595	342
596	305
597	333
598	320
599	331
600	325
601	332
602	307
603	263
604	280
605	308
606	255
607	238
608	255
609	244
610	259
611	270
612	267
613	255
614	280
615	229
616	217
617	225
618	250
619	226
620	249
621	242
622	208
623	238
624	202
625	200
626	225
627	209
628	210
629	192
630	194
631	219
632	202
633	181
634	185
635	187
636	190
637	165
638	177
639	151
640	165
641	166
642	176
643	182
644	163
645	177
646	167
647	152
648	146
649	155
650	146
651	152
652	162
653	144
654	150
655	141
656	138
657	130
658	135
659	130
660	115
661	113
662	125
663	136
664	148
665	134
666	136
667	134
668	136
669	124
670	113
671	112
672	102
673	114
674	117
675	136
676	106
677	102
678	99
679	95
680	109
681	105
682	107
683	92
684	95
685	125
686	98
687	94
688	118
689	94
690	96
691	90
692	76
693	103
694	79
695	97
696	69
697	96
698	85
699	73
700	79
701	5
702	3
703	2
704	1
714	1
