24	3
25	3
26	92
27	131
28	275
29	754
30	962
31	1286
32	2610
33	3312
34	3205
35	3886
36	4709
37	4050
38	5157
39	10340
40	21688
41	35660
42	51450
43	55455
44	52946
45	37517
46	25279
47	15094
48	10377
49	12866
50	23229
51	37412
52	54648
53	58587
54	56929
55	45708
56	32088
57	21610
58	12716
59	12322
60	18103
61	29741
62	46698
63	60008
64	64399
65	55599
66	39037
67	24969
68	15446
69	12274
70	13909
71	22510
72	34141
73	217
74	336
75	64949
76	79063
77	61497
78	19327
79	13722
80	12713
81	17111
82	24825
83	34636
84	42464
85	45052
86	40850
87	31042
88	21409
89	14880
90	11698
91	12645
92	17580
93	24927
94	32540
95	37966
96	36173
97	30169
98	21911
99	15171
100	11614
101	10658
102	13012
103	17845
104	23717
105	28625
106	30678
107	27192
108	21739
109	15995
110	11775
111	9909
112	10849
113	13674
114	17328
115	22086
116	23668
117	24053
118	20883
119	16279
120	13035
121	10914
122	10453
123	10857
124	13629
125	17591
126	20039
127	20855
128	19302
129	18042
130	17673
131	18462
132	15705
133	13605
134	14399
135	16118
136	18854
137	21593
138	22764
139	20531
140	21229
141	24054
142	23836
143	22084
144	22294
145	23419
146	24413
147	26038
148	25771
149	22563
150	20355
151	23010
152	26417
153	30674
154	35082
155	40105
156	41495
157	41163
158	36359
159	29390
160	23226
161	21950
162	25164
163	31458
164	39884
165	50341
166	57194
167	58296
168	51092
169	41170
170	30491
171	24066
172	23124
173	27693
174	34550
175	42662
176	50546
177	54477
178	50589
179	41988
180	33071
181	25930
182	22629
183	23025
184	26668
185	30789
186	35794
187	40439
188	40217
189	36140
190	30500
191	24865
192	21454
193	20310
194	20930
195	23053
196	25617
197	28591
198	29640
199	28291
200	24532
201	21677
202	19163
203	17619
204	17576
205	18380
206	19307
207	20496
208	20383
209	20404
210	19135
211	17544
212	15741
213	14753
214	13940
215	13898
216	14287
217	14199
218	14853
219	14384
220	13695
221	12744
222	11786
223	10722
224	10471
225	10049
226	10471
227	10000
228	10178
229	10021
230	9802
231	9045
232	8414
233	8166
234	7693
235	7828
236	7211
237	7041
238	7091
239	6685
240	6630
241	6108
242	6192
243	5553
244	5258
245	5365
246	5052
247	4820
248	4667
249	4584
250	4438
251	4217
252	4138
253	4014
254	3703
255	3787
256	3581
257	3484
258	3336
259	3083
260	3119
261	2817
262	2790
263	2727
264	2520
265	2478
266	2444
267	2533
268	2365
269	2235
270	2220
271	2005
272	2029
273	1784
274	1834
275	1774
276	1884
277	2079
278	1898
279	1916
280	1836
281	1580
282	1573
283	1580
284	1431
285	1512
286	1544
287	1743
288	1670
289	1841
290	1799
291	1577
292	1561
293	1371
294	1232
295	1291
296	1341
297	1492
298	1688
299	1855
300	1909
301	1837
302	1661
303	1394
304	1280
305	1271
306	1161
307	1333
308	1475
309	1654
310	1777
311	1765
312	1597
313	1442
314	1311
315	1204
316	1160
317	1208
318	1247
319	1422
320	1477
321	1506
322	1397
323	1402
324	1328
325	1148
326	1025
327	1089
328	1031
329	1080
330	1138
331	1204
332	1072
333	1118
334	1020
335	987
336	930
337	890
338	865
339	925
340	829
341	873
342	887
343	904
344	765
345	698
346	706
347	699
348	696
349	688
350	703
351	658
352	619
353	564
354	545
355	496
356	530
357	515
358	502
359	509
360	496
361	485
362	393
363	450
364	413
365	411
366	363
367	370
368	329
369	334
370	347
371	300
372	322
373	286
374	317
375	279
376	250
377	268
378	254
379	224
380	251
381	220
382	225
383	193
384	198
385	193
386	179
387	155
388	146
389	160
390	166
391	155
392	135
393	128
394	129
395	117
396	126
397	109
398	110
399	97
400	111
401	97
402	102
403	98
404	89
405	87
406	70
407	73
408	69
409	54
410	70
411	68
412	81
413	56
414	70
415	52
416	60
417	51
418	39
419	37
420	38
421	41
422	33
423	45
424	40
425	36
426	28
427	34
428	22
429	28
430	29
431	32
432	24
433	24
434	30
435	32
436	19
437	14
438	20
439	12
440	24
441	15
442	12
443	22
444	15
445	6
446	20
447	15
448	13
449	14
450	10
451	10
452	14
453	16
454	13
455	13
456	3
457	10
458	9
459	10
460	4
461	9
462	10
463	7
464	6
465	12
466	6
467	10
468	13
469	11
470	10
471	8
472	5
473	7
474	6
475	9
476	4
477	10
478	6
479	6
480	5
481	6
482	6
483	10
484	8
485	13
486	8
487	4
488	11
489	5
490	5
491	6
492	10
493	6
494	7
495	2
496	8
497	2
498	7
499	4
500	4
501	6
502	7
503	3
504	6
505	2
506	4
507	3
508	3
509	4
510	4
511	2
512	2
513	3
514	2
516	2
517	4
518	1
519	3
520	3
521	5
522	1
523	2
524	9
525	3
526	3
527	3
528	3
529	7
531	1
533	2
534	5
535	5
537	4
538	3
539	1
540	1
541	3
542	2
543	5
544	1
545	1
547	4
548	1
549	3
553	1
554	2
555	1
556	1
558	3
559	1
560	2
562	1
563	2
564	1
568	1
569	1
570	1
573	2
574	2
575	1
578	1
579	2
580	3
581	1
583	1
585	1
586	7
589	2
590	1
594	1
597	1
605	1
606	1
619	3
620	1
623	1
626	1
635	1
640	2
645	2
649	1
653	1
660	2
668	1
675	1
684	2
685	3
695	1
712	3
