23	1
24	2
25	13
26	270
27	289
28	807
29	1864
30	2612
31	3537
32	6365
33	7434
34	6717
35	8786
36	11021
37	10156
38	12228
39	23746
40	45724
41	75002
42	104194
43	109463
44	105830
45	80755
46	52497
47	30565
48	20815
49	24435
50	41092
51	62951
52	88642
53	95286
54	93702
55	75949
56	51326
57	32026
58	19007
59	17285
60	23612
61	36982
62	52881
63	67502
64	70394
65	60996
66	41005
67	25718
68	16001
69	11696
70	13353
71	18741
72	27959
73	127
74	231
75	60513
76	55315
77	42327
78	13360
79	9366
80	8102
81	10157
82	14290
83	18421
84	22122
85	23031
86	19882
87	14601
88	9753
89	6704
90	5166
91	5289
92	7058
93	9290
94	11496
95	13083
96	12180
97	9744
98	7019
99	4921
100	3650
101	3314
102	3846
103	4751
104	5960
105	7277
106	7003
107	6576
108	4970
109	3615
110	2570
111	2198
112	2223
113	2661
114	3190
115	4079
116	4154
117	4122
118	3509
119	2722
120	2201
121	1838
122	1672
123	1683
124	2009
125	2457
126	2699
127	3013
128	3093
129	2808
130	3179
131	3691
132	2878
133	1998
134	1871
135	1859
136	2545
137	3708
138	4759
139	4521
140	5337
141	6896
142	6251
143	4477
144	3917
145	3647
146	4008
147	4594
148	5198
149	4783
150	4649
151	5745
152	6755
153	7438
154	8058
155	8435
156	8991
157	9241
158	8263
159	6506
160	5149
161	4930
162	6171
163	7735
164	9377
165	11318
166	13423
167	14239
168	12464
169	9257
170	6432
171	4947
172	4999
173	5939
174	7438
175	9112
176	10679
177	11346
178	10431
179	8712
180	6573
181	5064
182	4301
183	4464
184	4934
185	5753
186	6462
187	6985
188	6964
189	6304
190	5333
191	4463
192	3707
193	3583
194	3630
195	3928
196	4009
197	4294
198	4307
199	4122
200	3797
201	3428
202	3000
203	2763
204	2760
205	2559
206	2662
207	2582
208	2560
209	2439
210	2455
211	2250
212	1987
213	1904
214	1853
215	1674
216	1681
217	1603
218	1574
219	1422
220	1383
221	1332
222	1277
223	1235
224	1105
225	1185
226	1062
227	970
228	900
229	877
230	822
231	742
232	690
233	733
234	695
235	635
236	623
237	532
238	483
239	486
240	436
241	390
242	399
243	404
244	393
245	354
246	332
247	341
248	294
249	266
250	259
251	210
252	234
253	179
254	220
255	184
256	200
257	152
258	140
259	146
260	142
261	126
262	118
263	114
264	100
265	111
266	121
267	105
268	84
269	101
270	71
271	83
272	63
273	46
274	49
275	56
276	56
277	50
278	56
279	51
280	57
281	52
282	39
283	34
284	36
285	38
286	31
287	40
288	49
289	32
290	38
291	32
292	35
293	34
294	37
295	25
296	23
297	20
298	25
299	41
300	28
301	34
302	33
303	35
304	27
305	22
306	19
307	23
308	22
309	21
310	29
311	27
312	32
313	31
314	26
315	18
316	19
317	22
318	19
319	22
320	21
321	36
322	34
323	28
324	23
325	25
326	24
327	24
328	16
329	21
330	19
331	17
332	18
333	30
334	15
335	23
336	18
337	22
338	14
339	18
340	17
341	25
342	17
343	12
344	18
345	19
346	17
347	20
348	12
349	18
350	14
351	19
352	14
353	11
354	12
355	6
356	10
357	16
358	3
359	6
360	11
361	7
362	8
363	9
364	9
365	13
366	10
367	6
368	13
369	6
370	8
371	8
372	12
373	6
374	9
375	9
376	6
377	5
378	12
379	11
380	6
381	9
382	4
383	4
384	3
385	7
386	4
387	3
388	3
389	5
390	1
391	3
392	6
393	7
394	3
395	3
397	2
398	2
399	3
400	2
401	1
402	4
403	1
404	3
407	4
408	1
409	2
410	2
411	5
412	3
413	1
414	2
415	1
416	5
418	2
419	3
425	2
427	1
428	1
430	1
431	1
432	1
433	1
436	1
437	1
438	1
439	3
440	1
442	1
444	1
446	2
449	1
451	1
454	1
462	2
470	1
487	1
493	1
494	1
502	2
504	2
524	1
528	2
532	1
538	1
561	1
626	1
628	1
630	1
670	1
