24	1
26	63
27	57
28	151
29	296
30	364
31	507
32	915
33	1212
34	1153
35	1610
36	2217
37	2034
38	2497
39	4302
40	7932
41	12372
42	17785
43	20257
44	20179
45	16733
46	11622
47	7537
48	5453
49	6638
50	10282
51	15476
52	22082
53	25003
54	25696
55	21607
56	15543
57	11004
58	7340
59	6785
60	8887
61	13293
62	18639
63	23755
64	25339
65	21978
66	16534
67	11308
68	7761
69	6066
70	6892
71	9437
72	13161
73	80
74	201
75	24571
76	27900
77	22301
78	8218
79	6153
80	5893
81	7147
82	9250
83	11778
84	14089
85	14725
86	12988
87	10537
88	7659
89	5741
90	4992
91	5364
92	6371
93	8205
94	10001
95	11024
96	10603
97	9106
98	7095
99	5529
100	4425
101	4329
102	5001
103	6007
104	7229
105	8382
106	8461
107	8083
108	6309
109	5062
110	4188
111	4027
112	4030
113	4758
114	5551
115	6546
116	6813
117	6855
118	6173
119	5015
120	4280
121	3749
122	3566
123	3941
124	4559
125	5409
126	5732
127	6036
128	5922
129	5328
130	5102
131	5294
132	4809
133	4253
134	4470
135	4969
136	5806
137	7410
138	8523
139	7473
140	8001
141	9677
142	9238
143	8039
144	7404
145	7555
146	8362
147	9242
148	10482
149	9564
150	9632
151	11352
152	13103
153	14853
154	16646
155	18640
156	20246
157	20529
158	19511
159	15679
160	12682
161	12346
162	14727
163	19289
164	24364
165	31883
166	38654
167	42147
168	38951
169	29230
170	20877
171	16719
172	16109
173	19399
174	24523
175	32196
176	39930
177	43791
178	40955
179	33803
180	26450
181	20651
182	18065
183	18441
184	21805
185	26208
186	31062
187	34508
188	35438
189	32019
190	27201
191	22859
192	20555
193	19925
194	20696
195	23084
196	25687
197	27813
198	29374
199	27788
200	25816
201	22816
202	21108
203	20788
204	20449
205	21230
206	22647
207	23539
208	23829
209	23555
210	22516
211	20759
212	20181
213	19215
214	19292
215	19208
216	19330
217	19793
218	19392
219	19582
220	18580
221	17708
222	16974
223	17044
224	16453
225	16320
226	16394
227	16398
228	15892
229	15637
230	15118
231	14534
232	14136
233	13891
234	13752
235	13527
236	13358
237	12913
238	12625
239	12159
240	11777
241	11575
242	11496
243	11105
244	10986
245	10811
246	10339
247	10042
248	9920
249	9354
250	9326
251	9023
252	8837
253	8410
254	8441
255	8346
256	7964
257	7836
258	7684
259	7455
260	7128
261	6971
262	6869
263	6642
264	6554
265	6588
266	6366
267	6311
268	6192
269	5875
270	5768
271	5649
272	5498
273	5483
274	5306
275	5312
276	5323
277	5440
278	5336
279	5405
280	5309
281	5294
282	5110
283	4922
284	4648
285	4643
286	4684
287	4813
288	5130
289	5236
290	5601
291	5617
292	5550
293	5166
294	4769
295	4485
296	4680
297	4795
298	5419
299	6177
300	7158
301	7196
302	7121
303	6594
304	5850
305	5283
306	5116
307	5106
308	5593
309	6015
310	7032
311	7501
312	7752
313	7522
314	7217
315	6789
316	6186
317	5772
318	5927
319	6617
320	7090
321	7586
322	8368
323	8288
324	8180
325	7856
326	7606
327	7105
328	6772
329	7135
330	7165
331	7511
332	7897
333	8308
334	8371
335	8378
336	8123
337	7823
338	7801
339	7398
340	7421
341	7282
342	7337
343	7526
344	7699
345	8140
346	8153
347	8124
348	7853
349	7576
350	7534
351	7129
352	7052
353	6980
354	7132
355	7209
356	7427
357	7581
358	7761
359	7567
360	7215
361	6985
362	6563
363	6225
364	6294
365	6324
366	6549
367	6573
368	6833
369	6759
370	6782
371	6470
372	6098
373	5641
374	5572
375	5518
376	5648
377	5815
378	5778
379	5872
380	5851
381	5664
382	5473
383	5181
384	4793
385	4835
386	4717
387	4759
388	4758
389	4967
390	4872
391	4947
392	4703
393	4559
394	4238
395	4107
396	3920
397	3950
398	3906
399	4065
400	4066
401	4045
402	3916
403	3819
404	3559
405	3429
406	3250
407	3347
408	3245
409	3217
410	3184
411	3219
412	3271
413	3047
414	2986
415	2888
416	2634
417	2563
418	2595
419	2529
420	2634
421	2526
422	2541
423	2457
424	2433
425	2329
426	2283
427	2153
428	2088
429	2101
430	2032
431	2010
432	2084
433	2066
434	1986
435	1855
436	1816
437	1757
438	1615
439	1738
440	1756
441	1762
442	1678
443	1694
444	1642
445	1580
446	1599
447	1515
448	1399
449	1482
450	1393
451	1415
452	1444
453	1444
454	1399
455	1339
456	1294
457	1251
458	1289
459	1174
460	1168
461	1199
462	1240
463	1249
464	1273
465	1231
466	1165
467	1196
468	1028
469	1032
470	1085
471	1108
472	1096
473	1106
474	1092
475	1148
476	1001
477	1127
478	1065
479	1000
480	1010
481	994
482	973
483	1029
484	1045
485	1076
486	1006
487	1015
488	942
489	896
490	914
491	923
492	951
493	900
494	972
495	968
496	968
497	922
498	918
499	858
500	895
501	882
502	845
503	908
504	916
505	874
506	906
507	876
508	888
509	821
510	785
511	724
512	802
513	776
514	770
515	823
516	765
517	812
518	787
519	817
520	819
521	738
522	738
523	694
524	750
525	715
526	743
527	737
528	741
529	738
530	653
531	680
532	675
533	658
534	624
535	608
536	663
537	662
538	692
539	652
540	627
541	636
542	568
543	551
544	554
545	515
546	605
547	542
548	626
549	546
550	578
551	512
552	512
553	475
554	451
555	499
556	468
557	424
558	504
559	461
560	506
561	494
562	433
563	392
564	409
565	401
566	401
567	400
568	376
569	397
570	389
571	352
572	400
573	368
574	315
575	382
576	330
577	338
578	338
579	310
580	331
581	301
582	363
583	280
584	282
585	287
586	242
587	262
588	279
589	306
590	264
591	240
592	233
593	247
594	255
595	236
596	226
597	219
598	217
599	226
600	218
601	260
602	221
603	241
604	186
605	176
606	197
607	175
608	177
609	161
610	199
611	171
612	172
613	165
614	156
615	169
616	148
617	136
618	162
619	133
620	165
621	149
622	142
623	139
624	139
625	105
626	127
627	133
628	110
629	120
630	122
631	133
632	113
633	110
634	120
635	110
636	103
637	94
638	103
639	101
640	104
641	100
642	115
643	85
644	86
645	89
646	100
647	83
648	64
649	81
650	75
651	89
652	81
653	78
654	79
655	75
656	71
657	70
658	78
659	65
660	64
661	59
662	69
663	78
664	64
665	65
666	70
667	59
668	51
669	62
670	57
671	60
672	60
673	62
674	58
675	71
676	73
677	61
678	39
679	53
680	52
681	48
682	58
683	54
684	51
685	42
686	60
687	58
688	52
689	38
690	40
691	38
692	34
693	34
694	36
695	50
696	46
697	37
698	44
699	31
700	35
701	1
703	1
704	2
706	1
707	1
