23	1
24	8
25	1
26	124
27	184
28	710
29	1480
30	2010
31	2895
32	5624
33	7179
34	6310
35	7348
36	9135
37	9039
38	11477
39	19116
40	36208
41	58420
42	85096
43	99856
44	96780
45	75148
46	54933
47	39351
48	31416
49	38238
50	57692
51	86309
52	124594
53	140323
54	141276
55	117681
56	87785
57	64101
58	44851
59	44940
60	54709
61	77353
62	109945
63	136055
64	147808
65	127939
66	95563
67	64383
68	44770
69	39409
70	41566
71	55598
72	74249
73	285
74	458
75	114699
76	143474
77	117598
78	44312
79	34964
80	32501
81	38105
82	47885
83	58519
84	70229
85	72572
86	64150
87	51215
88	37409
89	29444
90	24777
91	25209
92	30175
93	37890
94	45572
95	50716
96	47865
97	39718
98	30990
99	23914
100	20812
101	18870
102	20802
103	25121
104	28966
105	33392
106	33354
107	31372
108	25578
109	19656
110	16555
111	14491
112	14917
113	16764
114	19880
115	23170
116	23789
117	24204
118	21867
119	16858
120	15045
121	12864
122	11678
123	12036
124	14006
125	16383
126	17728
127	19667
128	19618
129	18257
130	19050
131	19876
132	16325
133	12613
134	12044
135	13400
136	15932
137	22193
138	26865
139	26367
140	33391
141	41679
142	34730
143	25122
144	20364
145	19899
146	21043
147	25260
148	30824
149	32595
150	42045
151	51148
152	49372
153	43651
154	43271
155	45160
156	46808
157	48258
158	43935
159	37011
160	31679
161	33089
162	38185
163	44936
164	53588
165	64807
166	75357
167	76401
168	65099
169	49366
170	35296
171	30092
172	29005
173	32952
174	40601
175	49031
176	56751
177	59529
178	53991
179	44213
180	33189
181	26323
182	23189
183	23237
184	25157
185	28349
186	31821
187	34061
188	34218
189	30214
190	25476
191	20907
192	18016
193	16725
194	17037
195	16942
196	17947
197	18826
198	19450
199	18341
200	16313
201	14526
202	12941
203	11885
204	11452
205	10826
206	10940
207	10833
208	10457
209	10279
210	9759
211	8959
212	8167
213	7696
214	7074
215	6693
216	6422
217	6068
218	5665
219	5365
220	5287
221	4835
222	4623
223	4172
224	4054
225	3719
226	3547
227	3299
228	3000
229	2861
230	2779
231	2579
232	2393
233	2267
234	2127
235	2127
236	1853
237	1765
238	1462
239	1383
240	1344
241	1215
242	1200
243	1113
244	1012
245	1048
246	919
247	871
248	825
249	681
250	687
251	627
252	611
253	552
254	530
255	487
256	485
257	449
258	375
259	332
260	331
261	307
262	269
263	276
264	263
265	245
266	258
267	239
268	188
269	181
270	192
271	173
272	176
273	163
274	149
275	147
276	159
277	120
278	130
279	131
280	96
281	107
282	115
283	105
284	94
285	80
286	84
287	100
288	95
289	91
290	109
291	113
292	62
293	75
294	62
295	57
296	61
297	81
298	72
299	100
300	115
301	88
302	99
303	68
304	62
305	45
306	57
307	62
308	65
309	65
310	77
311	79
312	79
313	85
314	75
315	47
316	45
317	49
318	43
319	57
320	84
321	70
322	72
323	69
324	59
325	47
326	38
327	36
328	42
329	31
330	46
331	51
332	30
333	42
334	51
335	33
336	33
337	39
338	28
339	23
340	25
341	25
342	35
343	28
344	33
345	31
346	23
347	15
348	24
349	20
350	17
351	15
352	19
353	25
354	19
355	11
356	16
357	15
358	12
359	14
360	18
361	12
362	16
363	6
364	10
365	10
366	10
367	9
368	6
369	9
370	10
371	5
372	7
373	9
374	14
375	6
376	11
377	7
378	5
379	5
380	4
381	6
382	3
383	6
384	7
385	3
386	7
387	1
388	2
389	3
390	2
392	2
393	3
395	4
396	1
397	3
398	2
399	1
400	2
402	2
403	4
404	2
405	1
406	1
407	3
408	4
409	1
410	2
412	5
413	2
414	1
415	1
416	2
417	3
418	2
419	2
421	1
423	1
424	1
425	1
427	1
429	1
431	2
434	1
438	1
439	3
444	2
445	2
446	1
447	1
449	2
452	2
453	3
455	2
459	1
460	1
461	1
462	1
463	3
469	1
470	3
475	3
476	1
477	1
479	2
480	2
483	1
484	1
485	2
487	1
491	1
492	1
495	3
497	1
499	2
501	1
502	1
504	1
505	1
506	1
507	1
508	1
511	1
513	2
514	3
519	2
520	1
521	1
522	1
525	2
527	2
535	1
538	3
541	1
542	1
543	3
544	2
548	1
549	2
551	1
552	1
558	2
559	1
561	1
562	1
564	1
565	1
566	1
568	1
569	2
573	2
574	1
579	1
580	1
584	1
587	1
589	1
591	1
607	1
618	2
620	1
624	2
628	1
631	1
651	1
654	2
656	1
659	1
660	2
662	1
665	1
668	1
669	1
672	1
676	1
678	2
682	2
683	2
684	2
685	2
686	7
688	2
689	7
690	3
694	2
695	1
696	2
697	1
698	3
699	1
