23	3
24	3
25	8
26	45
27	68
28	186
29	498
30	904
31	1304
32	2345
33	2817
34	3197
35	3760
36	4449
37	3402
38	4140
39	8424
40	17872
41	30519
42	42383
43	50072
44	49754
45	40224
46	25567
47	14345
48	9806
49	12197
50	22407
51	34608
52	50677
53	58783
54	59333
55	49031
56	34299
57	20692
58	12357
59	11042
60	16385
61	26666
62	41632
63	52719
64	57392
65	49027
66	35842
67	22137
68	12944
69	9830
70	11679
71	17892
72	26933
73	266
74	341
75	53413
76	57795
77	44305
78	13571
79	9615
80	9216
81	12775
82	18520
83	25008
84	31332
85	32937
86	29772
87	22876
88	14700
89	10133
90	8195
91	9113
92	12439
93	17231
94	22642
95	26234
96	24709
97	19751
98	14354
99	10421
100	7729
101	7448
102	9152
103	12336
104	15913
105	19483
106	19924
107	17813
108	14086
109	10203
110	7764
111	6793
112	7196
113	9045
114	11931
115	14770
116	15348
117	16101
118	13436
119	10910
120	9276
121	8371
122	7482
123	7861
124	9903
125	12105
126	13925
127	14511
128	13758
129	13187
130	15343
131	17622
132	14724
133	11550
134	11046
135	12868
136	14593
137	17745
138	19035
139	18687
140	20833
141	26344
142	25602
143	22897
144	22466
145	22341
146	22664
147	24839
148	24583
149	21347
150	20866
151	24044
152	28940
153	34183
154	38646
155	43049
156	45834
157	44246
158	39657
159	31064
160	24899
161	23591
162	28049
163	34156
164	44382
165	56023
166	64557
167	66393
168	59133
169	46221
170	33632
171	26445
172	25706
173	30586
174	38456
175	49058
176	58816
177	62470
178	58342
179	49257
180	37360
181	29417
182	25447
183	26314
184	30390
185	35431
186	42481
187	46739
188	48635
189	42719
190	36152
191	29726
192	25300
193	24220
194	24993
195	28072
196	31336
197	34816
198	36521
199	34549
200	30728
201	26928
202	23690
203	21685
204	22173
205	22966
206	24548
207	25655
208	26226
209	25423
210	24350
211	22237
212	20245
213	19128
214	18620
215	18448
216	19089
217	18957
218	19194
219	18789
220	18076
221	16986
222	16036
223	14870
224	14659
225	14055
226	14237
227	14155
228	14193
229	13834
230	13419
231	12630
232	11737
233	11396
234	10802
235	10770
236	10568
237	10436
238	9902
239	9644
240	9270
241	9285
242	8747
243	8273
244	7972
245	7703
246	7853
247	7529
248	7248
249	7063
250	6868
251	6463
252	6582
253	6117
254	5790
255	6143
256	5696
257	5564
258	5421
259	5211
260	5121
261	4807
262	4943
263	4466
264	4374
265	4530
266	4423
267	4321
268	4525
269	4182
270	4052
271	3804
272	3605
273	3516
274	3450
275	3479
276	3721
277	3995
278	4291
279	4056
280	3912
281	3704
282	3510
283	3249
284	3098
285	3347
286	3466
287	3860
288	4331
289	4580
290	4900
291	4517
292	3932
293	3775
294	3343
295	3115
296	3461
297	3918
298	4661
299	5277
300	5808
301	5764
302	5234
303	4407
304	4070
305	3569
306	3757
307	4003
308	4464
309	5054
310	5729
311	5654
312	5703
313	5253
314	4896
315	4213
316	3911
317	3884
318	4192
319	4684
320	5057
321	5315
322	5147
323	5178
324	4884
325	4380
326	4113
327	3886
328	3835
329	4050
330	4197
331	4289
332	4276
333	4334
334	4296
335	4178
336	3914
337	3535
338	3653
339	3403
340	3350
341	3573
342	3381
343	3323
344	3388
345	3222
346	3177
347	3080
348	3112
349	2980
350	2905
351	2787
352	2591
353	2592
354	2593
355	2475
356	2568
357	2381
358	2504
359	2369
360	2238
361	2228
362	2047
363	2095
364	1909
365	1928
366	2004
367	1862
368	1800
369	1797
370	1711
371	1723
372	1618
373	1491
374	1540
375	1396
376	1376
377	1277
378	1321
379	1225
380	1269
381	1213
382	1268
383	1128
384	1005
385	881
386	928
387	941
388	912
389	984
390	944
391	891
392	915
393	908
394	792
395	692
396	674
397	615
398	642
399	604
400	623
401	632
402	579
403	623
404	564
405	511
406	484
407	458
408	477
409	459
410	416
411	452
412	429
413	420
414	438
415	377
416	346
417	287
418	314
419	317
420	275
421	298
422	307
423	307
424	269
425	247
426	263
427	256
428	218
429	229
430	227
431	224
432	258
433	215
434	216
435	220
436	202
437	223
438	174
439	178
440	168
441	166
442	173
443	171
444	177
445	167
446	155
447	167
448	124
449	146
450	139
451	140
452	137
453	137
454	168
455	154
456	120
457	137
458	134
459	130
460	101
461	125
462	110
463	133
464	121
465	124
466	132
467	106
468	123
469	106
470	125
471	87
472	114
473	113
474	79
475	98
476	109
477	100
478	105
479	98
480	101
481	73
482	67
483	75
484	108
485	85
486	113
487	86
488	75
489	85
490	68
491	70
492	80
493	64
494	72
495	82
496	68
497	60
498	66
499	63
500	52
501	56
502	70
503	54
504	62
505	51
506	59
507	53
508	55
509	48
510	50
511	51
512	41
513	33
514	46
515	37
516	55
517	34
518	46
519	43
520	32
521	32
522	35
523	29
524	39
525	26
526	34
527	34
528	28
529	31
530	30
531	26
532	30
533	26
534	27
535	19
536	19
537	22
538	23
539	26
540	26
541	17
542	16
543	17
544	22
545	18
546	22
547	14
548	18
549	17
550	17
551	8
552	7
553	16
554	14
555	12
556	7
557	8
558	7
559	13
560	11
561	7
562	9
563	4
564	13
565	15
566	5
567	11
568	6
569	6
570	6
571	10
572	3
573	5
574	6
575	10
576	6
577	6
578	3
579	9
580	4
581	4
582	6
583	7
584	2
585	2
586	3
587	4
588	3
589	4
590	1
592	8
593	2
594	2
595	2
596	2
597	4
598	4
599	2
600	2
601	1
602	2
603	2
604	1
605	4
606	1
607	4
608	2
609	2
610	3
611	1
612	2
613	3
615	2
616	3
617	1
618	4
619	3
620	1
622	4
623	1
625	1
626	2
627	4
630	1
631	2
633	1
634	1
635	1
637	3
639	1
642	2
643	1
644	1
648	2
650	1
652	1
653	1
654	3
655	1
660	1
661	1
663	1
665	1
669	1
670	1
674	1
675	2
677	1
679	1
693	1
694	1
697	2
698	2
699	1
700	1
