24	9
25	32
26	836
27	856
28	2352
29	5458
30	7078
31	9797
32	17656
33	21253
34	19745
35	25963
36	34742
37	31045
38	37842
39	69142
40	131972
41	212902
42	296307
43	342437
44	333001
45	257799
46	169996
47	101033
48	73165
49	87152
50	138061
51	211816
52	293936
53	335129
54	330085
55	270707
56	184901
57	116110
58	73981
59	67810
60	90233
61	135886
62	192730
63	239254
64	255466
65	220308
66	154624
67	97866
68	62212
69	48865
70	54250
71	74963
72	106146
73	452
74	832
75	203172
76	205709
77	159136
78	50687
79	37451
80	34543
81	44143
82	59547
83	78680
84	96079
85	99593
86	88152
87	66439
88	45055
89	31475
90	25374
91	26645
92	34056
93	45583
94	55779
95	61510
96	59090
97	48438
98	35337
99	25141
100	18985
101	17781
102	20466
103	25779
104	32559
105	38375
106	38193
107	35027
108	27343
109	19651
110	15564
111	13271
112	13290
113	15575
114	19661
115	23537
116	25463
117	24765
118	22030
119	16938
120	14005
121	12411
122	11318
123	11504
124	13458
125	15967
126	18414
127	20324
128	21625
129	20194
130	24371
131	28889
132	22897
133	15642
134	13689
135	15246
136	19597
137	31326
138	40401
139	36207
140	43189
141	56105
142	52378
143	39326
144	33601
145	32747
146	35425
147	42374
148	48896
149	44521
150	43282
151	52095
152	59950
153	66701
154	71519
155	79305
156	86595
157	90610
158	83631
159	67244
160	51550
161	49732
162	57467
163	72058
164	89274
165	114101
166	139367
167	152407
168	138589
169	104677
170	73367
171	56106
172	53058
173	61176
174	76659
175	98303
176	119903
177	130892
178	125912
179	105006
180	79961
181	61787
182	52393
183	52119
184	57552
185	67923
186	79143
187	87458
188	90733
189	82618
190	70592
191	58679
192	50535
193	46747
194	46996
195	49322
196	54229
197	58288
198	60851
199	59159
200	54273
201	48748
202	43535
203	40469
204	38770
205	38600
206	38727
207	38968
208	39587
209	38984
210	37714
211	35976
212	33617
213	31451
214	29269
215	28239
216	26918
217	25916
218	25796
219	25321
220	24260
221	23499
222	22311
223	21499
224	20176
225	19484
226	17998
227	17545
228	16004
229	15944
230	15154
231	14471
232	14314
233	13663
234	13287
235	12603
236	11718
237	10801
238	10072
239	9504
240	9194
241	8633
242	8563
243	8159
244	8135
245	7663
246	7166
247	6578
248	6231
249	5744
250	5325
251	5123
252	5130
253	4847
254	4804
255	4419
256	4236
257	3958
258	3825
259	3487
260	3242
261	2935
262	2845
263	2879
264	2817
265	2644
266	2663
267	2360
268	2207
269	2192
270	1953
271	1891
272	1810
273	1674
274	1655
275	1676
276	1598
277	1572
278	1445
279	1457
280	1393
281	1271
282	1237
283	1134
284	1054
285	1033
286	1043
287	1157
288	1102
289	1128
290	1131
291	1079
292	1063
293	947
294	816
295	823
296	804
297	882
298	939
299	1017
300	1073
301	1119
302	1006
303	972
304	819
305	738
306	709
307	654
308	715
309	828
310	982
311	1029
312	993
313	1048
314	930
315	782
316	705
317	724
318	725
319	772
320	831
321	928
322	912
323	949
324	856
325	826
326	754
327	735
328	667
329	661
330	642
331	749
332	741
333	820
334	785
335	744
336	679
337	650
338	612
339	594
340	592
341	558
342	561
343	583
344	595
345	616
346	592
347	483
348	519
349	503
350	497
351	488
352	462
353	401
354	458
355	455
356	446
357	440
358	445
359	381
360	385
361	338
362	352
363	302
364	351
365	272
366	332
367	333
368	315
369	333
370	318
371	288
372	249
373	254
374	225
375	254
376	209
377	206
378	214
379	214
380	215
381	201
382	191
383	172
384	164
385	169
386	144
387	145
388	146
389	147
390	150
391	136
392	119
393	120
394	125
395	106
396	74
397	94
398	93
399	86
400	111
401	94
402	80
403	93
404	69
405	83
406	58
407	73
408	66
409	79
410	55
411	61
412	51
413	44
414	43
415	35
416	41
417	37
418	44
419	36
420	44
421	44
422	36
423	49
424	29
425	36
426	25
427	19
428	25
429	21
430	25
431	24
432	31
433	23
434	27
435	19
436	17
437	10
438	13
439	12
440	16
441	9
442	10
443	17
444	17
445	16
446	8
447	7
448	8
449	14
450	8
451	6
452	14
453	7
454	7
455	7
456	9
457	8
458	15
459	12
460	3
461	8
462	10
463	8
464	6
465	3
466	7
467	2
468	7
469	4
470	5
471	4
472	4
473	4
474	5
475	1
476	5
477	10
478	4
479	3
480	6
481	3
482	12
483	5
484	6
485	3
486	6
487	8
488	8
489	5
490	4
491	8
492	4
493	1
494	6
495	5
496	1
497	8
498	3
499	4
500	1
501	6
502	3
503	2
504	6
505	2
506	6
507	3
508	5
509	5
510	2
511	2
512	6
513	2
514	6
515	2
516	2
517	2
519	2
520	5
521	2
523	4
524	1
525	3
526	3
527	3
528	2
529	4
530	5
531	4
532	2
533	4
534	2
535	3
536	2
537	4
538	9
539	1
540	1
541	2
542	4
543	2
544	3
545	2
546	1
548	3
550	3
551	1
552	1
553	1
554	1
555	3
558	1
559	1
561	1
562	2
564	1
568	2
570	1
572	1
577	1
578	1
581	1
585	2
586	1
587	1
588	3
589	4
593	5
596	1
598	3
600	1
604	1
605	2
608	1
609	3
610	6
613	1
616	2
618	1
623	1
635	6
640	1
641	1
647	1
652	1
664	1
678	1
680	1
681	1
687	1
694	1
697	2
