24	3
25	4
26	90
27	111
28	287
29	610
30	829
31	1042
32	1797
33	2148
34	2145
35	2971
36	4238
37	3787
38	4725
39	8024
40	14707
41	21890
42	31041
43	35086
44	33930
45	27421
46	18658
47	11957
48	8831
49	10579
50	16584
51	24465
52	33660
53	39039
54	39591
55	32298
56	23617
57	16009
58	10369
59	9576
60	13008
61	19007
62	27053
63	33575
64	36233
65	31613
66	23138
67	15577
68	10237
69	8301
70	9334
71	12607
72	18052
73	135
74	261
75	36043
76	36750
77	29165
78	9761
79	7924
80	7399
81	9199
82	12742
83	16462
84	19527
85	20168
86	18133
87	14545
88	10851
89	8069
90	6730
91	7084
92	8681
93	11348
94	13958
95	15659
96	14811
97	12648
98	9900
99	7463
100	6269
101	5900
102	7116
103	8640
104	10683
105	11585
106	11636
107	10857
108	9220
109	7011
110	6222
111	5235
112	5333
113	6526
114	7985
115	9592
116	9878
117	9596
118	8857
119	7091
120	5966
121	5189
122	5098
123	5289
124	6654
125	7627
126	8220
127	8663
128	8471
129	7265
130	7162
131	7107
132	5967
133	5747
134	6042
135	6921
136	8046
137	9962
138	10919
139	9727
140	10277
141	12184
142	11459
143	9805
144	9530
145	9978
146	10835
147	12594
148	13550
149	12212
150	12251
151	13998
152	16311
153	17748
154	20449
155	22902
156	24759
157	25527
158	23609
159	19308
160	15268
161	15167
162	17525
163	22479
164	29484
165	38806
166	46355
167	51426
168	45994
169	35134
170	24968
171	19555
172	19043
173	22473
174	28999
175	38184
176	47364
177	52360
178	49237
179	40984
180	31048
181	24797
182	21249
183	21627
184	25295
185	31311
186	36716
187	41599
188	42691
189	38260
190	32041
191	26885
192	24171
193	23527
194	24364
195	27161
196	30072
197	33769
198	34893
199	34224
200	31125
201	27676
202	24938
203	24446
204	23680
205	25348
206	26276
207	28029
208	28560
209	28598
210	27319
211	25580
212	24051
213	23126
214	22938
215	22851
216	23479
217	24278
218	23830
219	24158
220	22507
221	22351
222	20497
223	20103
224	20229
225	19778
226	19417
227	19877
228	19838
229	19336
230	19189
231	18398
232	17773
233	17237
234	17009
235	16845
236	16309
237	16067
238	15860
239	15571
240	15415
241	15006
242	14840
243	13905
244	14016
245	13604
246	13370
247	13197
248	12881
249	12410
250	12079
251	11870
252	11701
253	11583
254	11265
255	10855
256	10787
257	10296
258	10886
259	9917
260	9820
261	9829
262	9472
263	9134
264	8882
265	8936
266	8526
267	8313
268	8551
269	8091
270	8036
271	7847
272	7635
273	7471
274	7539
275	7191
276	7373
277	7360
278	7447
279	7433
280	7565
281	7359
282	7445
283	7124
284	6943
285	6503
286	6626
287	6950
288	7222
289	7756
290	8336
291	8311
292	8150
293	7770
294	7064
295	6644
296	6548
297	6831
298	7775
299	8973
300	10059
301	10571
302	10672
303	9869
304	8746
305	7936
306	7219
307	7318
308	7706
309	8648
310	9974
311	10795
312	11483
313	11570
314	10848
315	9764
316	9009
317	8877
318	8592
319	9316
320	10175
321	11327
322	12344
323	12426
324	12351
325	11912
326	10855
327	10455
328	10376
329	9991
330	10307
331	11330
332	11586
333	12235
334	12728
335	12602
336	12369
337	11939
338	11182
339	10897
340	10747
341	10909
342	10889
343	11031
344	11614
345	11920
346	12217
347	12484
348	11796
349	11353
350	11055
351	10709
352	10310
353	10339
354	10626
355	10921
356	11357
357	11658
358	11769
359	11588
360	11005
361	10324
362	9869
363	9614
364	9419
365	9714
366	10259
367	10487
368	10667
369	10436
370	10429
371	9830
372	9464
373	8850
374	8436
375	8617
376	8824
377	9199
378	9303
379	9497
380	9339
381	9173
382	8500
383	8001
384	7723
385	7513
386	7547
387	7688
388	7828
389	7948
390	8066
391	7908
392	7486
393	7316
394	6826
395	6628
396	6777
397	6661
398	6541
399	6906
400	6682
401	6703
402	6582
403	6360
404	6019
405	5722
406	5598
407	5499
408	5695
409	5642
410	5506
411	5654
412	5560
413	5302
414	5198
415	4954
416	4722
417	4804
418	4672
419	4851
420	4809
421	4806
422	4697
423	4570
424	4318
425	4295
426	4063
427	3934
428	3848
429	3957
430	3886
431	4028
432	3890
433	3856
434	3759
435	3583
436	3423
437	3208
438	3328
439	3290
440	3273
441	3345
442	3273
443	3252
444	3193
445	3129
446	2929
447	2876
448	2801
449	2827
450	2882
451	2814
452	2907
453	2976
454	2864
455	2836
456	2728
457	2495
458	2464
459	2471
460	2598
461	2625
462	2652
463	2601
464	2638
465	2546
466	2483
467	2393
468	2373
469	2176
470	2334
471	2377
472	2474
473	2503
474	2507
475	2406
476	2355
477	2339
478	2287
479	2190
480	2181
481	2247
482	2201
483	2360
484	2360
485	2297
486	2266
487	2326
488	2095
489	2121
490	2106
491	2151
492	2214
493	2212
494	2304
495	2239
496	2275
497	2202
498	2112
499	2187
500	2000
501	2102
502	2127
503	2163
504	2179
505	2280
506	2174
507	2160
508	2065
509	2152
510	2007
511	2020
512	1999
513	2123
514	2151
515	2213
516	2115
517	2144
518	1984
519	1947
520	1866
521	1979
522	1873
523	1916
524	1881
525	2063
526	1974
527	1991
528	2021
529	1877
530	1882
531	1811
532	1724
533	1836
534	1769
535	1840
536	1883
537	1902
538	1797
539	1735
540	1718
541	1684
542	1600
543	1652
544	1615
545	1652
546	1700
547	1723
548	1713
549	1614
550	1540
551	1586
552	1462
553	1394
554	1486
555	1480
556	1441
557	1457
558	1511
559	1541
560	1536
561	1345
562	1275
563	1281
564	1284
565	1325
566	1371
567	1287
568	1275
569	1332
570	1261
571	1250
572	1244
573	1184
574	1159
575	1144
576	1154
577	1125
578	1209
579	1162
580	1116
581	1078
582	1090
583	971
584	1014
585	965
586	996
587	1044
588	963
589	959
590	961
591	948
592	912
593	938
594	898
595	865
596	866
597	838
598	763
599	878
600	847
601	828
602	820
603	820
604	700
605	717
606	773
607	692
608	712
609	770
610	718
611	726
612	747
613	646
614	630
615	592
616	644
617	679
618	625
619	645
620	590
621	643
622	624
623	540
624	621
625	561
626	576
627	507
628	611
629	491
630	544
631	532
632	562
633	512
634	530
635	490
636	485
637	484
638	482
639	436
640	505
641	523
642	496
643	482
644	450
645	467
646	419
647	455
648	423
649	418
650	405
651	418
652	403
653	420
654	394
655	413
656	387
657	405
658	363
659	376
660	370
661	352
662	399
663	379
664	361
665	393
666	328
667	339
668	302
669	317
670	317
671	311
672	328
673	344
674	310
675	328
676	299
677	293
678	286
679	288
680	290
681	308
682	285
683	328
684	292
685	285
686	274
687	300
688	283
689	254
690	283
691	253
692	260
693	285
694	313
695	273
696	274
697	278
698	246
699	249
700	236
701	9
702	6
703	1
704	1
706	1
707	1
713	1
714	1
717	2
718	1
719	1
720	1
722	1
