23	1
25	2
26	101
27	102
28	268
29	647
30	851
31	1170
32	2125
33	2567
34	2465
35	3291
36	4395
37	3923
38	4722
39	8608
40	17038
41	27190
42	39253
43	43841
44	43326
45	34135
46	22701
47	13493
48	9325
49	11177
50	18257
51	28757
52	41290
53	46767
54	47249
55	39577
56	28126
57	17973
58	10904
59	10538
60	14112
61	21713
62	31644
63	40877
64	44286
65	38081
66	27483
67	17121
68	11121
69	8478
70	9498
71	13952
72	19771
73	123
74	250
75	40780
76	41200
77	32271
78	10968
79	7905
80	7145
81	8730
82	12112
83	15997
84	19676
85	20805
86	18424
87	14013
88	9475
89	6597
90	5238
91	5692
92	7067
93	9691
94	12483
95	14234
96	13489
97	10871
98	8020
99	5823
100	4585
101	4241
102	4869
103	6197
104	7718
105	9517
106	9490
107	8547
108	6999
109	5337
110	3934
111	3498
112	3553
113	4131
114	5238
115	6404
116	6892
117	7173
118	6359
119	4920
120	4320
121	3957
122	3581
123	3548
124	4248
125	5022
126	5902
127	7403
128	7681
129	7398
130	9865
131	12307
132	9891
133	6842
134	5516
135	5904
136	7763
137	13455
138	18931
139	17826
140	21732
141	29659
142	27671
143	21464
144	17866
145	16961
146	18339
147	21967
148	25883
149	23820
150	23768
151	30223
152	36184
153	40971
154	44175
155	48545
156	52891
157	56115
158	54041
159	43709
160	34473
161	33033
162	40057
163	50717
164	64554
165	81220
166	99676
167	111568
168	102737
169	80864
170	56744
171	44049
172	42004
173	49662
174	63217
175	82550
176	102074
177	112250
178	109018
179	92254
180	71927
181	55811
182	48173
183	48587
184	55283
185	65621
186	78333
187	87787
188	91188
189	84706
190	73778
191	61635
192	53385
193	50690
194	52254
195	56579
196	62015
197	67857
198	71012
199	70408
200	65379
201	59366
202	54178
203	50686
204	50479
205	50943
206	52622
207	53441
208	54739
209	54189
210	52561
211	50378
212	48086
213	45878
214	44084
215	43084
216	42178
217	41601
218	41099
219	40308
220	39318
221	38291
222	36864
223	35918
224	35069
225	33438
226	32176
227	31083
228	29619
229	28821
230	27947
231	27152
232	26663
233	25972
234	25326
235	24572
236	23621
237	22410
238	20901
239	19564
240	18970
241	18357
242	17764
243	17501
244	17265
245	16717
246	15769
247	14713
248	13888
249	13279
250	12386
251	11528
252	11369
253	11260
254	11165
255	11101
256	10527
257	9866
258	9144
259	8547
260	8156
261	7593
262	7156
263	7195
264	6963
265	6792
266	6588
267	6343
268	5969
269	5591
270	5297
271	4895
272	4689
273	4431
274	4364
275	4415
276	4330
277	4270
278	4342
279	4015
280	3748
281	3689
282	3471
283	3353
284	3226
285	3129
286	3253
287	3237
288	3532
289	3685
290	3827
291	3953
292	3676
293	3337
294	3002
295	2848
296	2802
297	2968
298	3591
299	3935
300	4771
301	5030
302	5058
303	4531
304	4145
305	3337
306	3341
307	3312
308	3635
309	4330
310	5198
311	5821
312	6141
313	6055
314	5475
315	4889
316	4310
317	4117
318	4157
319	4797
320	5614
321	6319
322	6924
323	6981
324	6972
325	6335
326	5703
327	5342
328	5140
329	5225
330	5701
331	6377
332	6766
333	7112
334	7148
335	6906
336	6621
337	6094
338	5921
339	5813
340	5837
341	6149
342	6313
343	6371
344	6484
345	6553
346	6646
347	6507
348	6279
349	5935
350	5604
351	5731
352	5650
353	5580
354	5907
355	5691
356	5851
357	6037
358	5987
359	6014
360	5510
361	5320
362	5144
363	4934
364	4787
365	4737
366	4740
367	5101
368	5050
369	5107
370	5015
371	4662
372	4441
373	4196
374	4003
375	3899
376	3935
377	3852
378	3966
379	3975
380	3927
381	3902
382	3627
383	3439
384	3320
385	3084
386	3008
387	3021
388	2965
389	3060
390	3039
391	3048
392	2934
393	2639
394	2518
395	2486
396	2300
397	2143
398	2219
399	2107
400	2202
401	2156
402	2170
403	2129
404	1912
405	1792
406	1689
407	1610
408	1581
409	1511
410	1503
411	1522
412	1457
413	1466
414	1364
415	1232
416	1252
417	1140
418	1069
419	1091
420	1036
421	1007
422	1017
423	991
424	916
425	896
426	835
427	817
428	731
429	718
430	719
431	623
432	635
433	641
434	651
435	596
436	497
437	521
438	474
439	484
440	419
441	459
442	422
443	397
444	402
445	387
446	358
447	335
448	335
449	318
450	340
451	322
452	276
453	317
454	297
455	313
456	269
457	247
458	271
459	231
460	233
461	241
462	242
463	263
464	244
465	220
466	222
467	203
468	191
469	189
470	205
471	190
472	187
473	173
474	198
475	194
476	206
477	166
478	143
479	153
480	170
481	160
482	184
483	151
484	171
485	169
486	162
487	183
488	185
489	143
490	156
491	161
492	149
493	110
494	158
495	150
496	140
497	159
498	176
499	162
500	151
501	141
502	142
503	117
504	138
505	134
506	151
507	123
508	151
509	154
510	131
511	134
512	128
513	146
514	116
515	130
516	110
517	121
518	137
519	111
520	128
521	122
522	118
523	99
524	100
525	111
526	103
527	108
528	103
529	138
530	101
531	81
532	91
533	101
534	79
535	88
536	86
537	83
538	96
539	79
540	107
541	82
542	89
543	69
544	65
545	79
546	86
547	71
548	66
549	79
550	69
551	58
552	63
553	60
554	62
555	56
556	63
557	52
558	57
559	50
560	57
561	45
562	61
563	49
564	46
565	48
566	33
567	53
568	38
569	36
570	39
571	28
572	45
573	40
574	25
575	30
576	33
577	27
578	33
579	33
580	34
581	31
582	33
583	28
584	25
585	26
586	25
587	30
588	27
589	19
590	29
591	18
592	29
593	13
594	17
595	21
596	14
597	19
598	16
599	15
600	16
601	17
602	9
603	12
604	19
605	9
606	7
607	10
608	11
609	7
610	18
611	13
612	13
613	8
614	11
615	12
616	15
617	7
618	7
619	5
620	8
621	7
622	7
623	12
624	7
625	4
626	13
627	4
628	7
629	6
630	4
631	9
632	5
633	9
634	3
635	5
636	4
637	2
638	6
639	6
640	4
641	5
642	6
643	4
644	3
645	6
646	1
647	3
648	2
649	6
650	5
651	1
652	5
653	3
654	2
655	3
656	7
657	3
658	5
659	4
660	5
661	2
662	3
663	2
664	1
665	3
666	1
667	5
668	3
670	3
672	4
673	1
674	3
675	3
677	2
678	3
680	3
681	1
683	4
685	3
687	1
688	2
689	3
690	3
691	2
692	2
693	1
695	2
696	3
697	3
698	4
699	1
700	1
