23	1
24	5
25	1
26	148
27	178
28	480
29	1063
30	1597
31	2121
32	3764
33	4890
34	4389
35	6091
36	8058
37	7544
38	9021
39	16471
40	32841
41	54621
42	76087
43	87984
44	83950
45	65189
46	43080
47	25533
48	17847
49	20942
50	33033
51	51798
52	73449
53	81756
54	81592
55	66272
56	47654
57	30467
58	19068
59	17691
60	23633
61	35873
62	53565
63	67589
64	72260
65	62876
66	44736
67	29060
68	18632
69	14526
70	16252
71	22824
72	33402
73	136
74	349
75	71093
76	70244
77	55634
78	19308
79	13803
80	12523
81	15548
82	21740
83	28362
84	34921
85	36540
86	32096
87	24699
88	17210
89	12479
90	9890
91	10519
92	13333
93	17933
94	21973
95	25571
96	23963
97	19510
98	14705
99	11043
100	8781
101	8107
102	9495
103	11534
104	15144
105	17818
106	17355
107	16197
108	12837
109	10031
110	8014
111	7094
112	7408
113	8522
114	10710
115	12538
116	13760
117	13612
118	11819
119	9565
120	8233
121	7301
122	7186
123	7427
124	8562
125	10217
126	11081
127	13103
128	13036
129	12770
130	15863
131	18830
132	15408
133	11587
134	10070
135	10934
136	13842
137	21269
138	28055
139	25151
140	30046
141	39632
142	37237
143	29398
144	24982
145	24432
146	26063
147	31257
148	35158
149	32932
150	31821
151	39033
152	45780
153	50802
154	55111
155	60968
156	66155
157	70541
158	67183
159	54892
160	43123
161	40893
162	47750
163	59764
164	75253
165	95099
166	116222
167	130397
168	121937
169	94157
170	67589
171	51350
172	48718
173	56649
174	72774
175	93336
176	113638
177	125197
178	121958
179	104070
180	81385
181	63884
182	53953
183	54530
184	61888
185	71217
186	84091
187	95173
188	99256
189	91501
190	80503
191	68185
192	58978
193	55675
194	56252
195	58826
196	64933
197	70667
198	75957
199	73902
200	69136
201	62879
202	57001
203	53727
204	52755
205	51860
206	53021
207	54186
208	55914
209	55052
210	53918
211	51371
212	48496
213	47029
214	44097
215	42551
216	41643
217	40507
218	40450
219	39704
220	38719
221	37520
222	36435
223	35484
224	34320
225	32246
226	30314
227	29510
228	28288
229	27282
230	26811
231	26271
232	25286
233	24832
234	24219
235	23512
236	21969
237	20596
238	19279
239	18104
240	17560
241	17094
242	17036
243	16419
244	16218
245	15158
246	14483
247	13518
248	12619
249	12119
250	11435
251	10936
252	10612
253	10469
254	10025
255	9811
256	9604
257	8770
258	8258
259	7736
260	7313
261	6993
262	6623
263	6514
264	6495
265	6230
266	6002
267	5828
268	5380
269	5034
270	4831
271	4597
272	4380
273	4310
274	4070
275	4163
276	4072
277	3982
278	4026
279	3636
280	3613
281	3499
282	3428
283	3091
284	3048
285	2941
286	3067
287	3070
288	3195
289	3388
290	3512
291	3484
292	3289
293	3065
294	2950
295	2739
296	2648
297	2765
298	3244
299	3663
300	4092
301	4263
302	4224
303	3891
304	3571
305	3256
306	3056
307	2995
308	3430
309	3739
310	4407
311	4779
312	5016
313	4978
314	4730
315	4054
316	3750
317	3633
318	3761
319	4104
320	4518
321	5218
322	5733
323	5876
324	5769
325	5404
326	4934
327	4647
328	4382
329	4540
330	4964
331	5234
332	5532
333	5961
334	6024
335	5526
336	5487
337	5247
338	5063
339	4996
340	4895
341	5000
342	5238
343	5231
344	5485
345	5472
346	5598
347	5290
348	5249
349	5141
350	4707
351	4759
352	4646
353	4752
354	4706
355	4788
356	4834
357	5062
358	4996
359	4828
360	4540
361	4364
362	4163
363	4044
364	4037
365	4107
366	4061
367	4201
368	4353
369	4208
370	4107
371	3798
372	3576
373	3579
374	3374
375	3247
376	3324
377	3337
378	3317
379	3397
380	3314
381	3192
382	3058
383	2790
384	2676
385	2535
386	2558
387	2516
388	2575
389	2685
390	2602
391	2502
392	2457
393	2208
394	2120
395	1998
396	1939
397	1896
398	1973
399	1879
400	1852
401	1773
402	1821
403	1686
404	1591
405	1488
406	1471
407	1372
408	1327
409	1336
410	1314
411	1310
412	1252
413	1222
414	1137
415	1096
416	1044
417	909
418	934
419	959
420	899
421	885
422	854
423	832
424	723
425	696
426	681
427	690
428	641
429	555
430	575
431	610
432	576
433	540
434	580
435	498
436	478
437	430
438	440
439	421
440	442
441	424
442	364
443	386
444	380
445	365
446	339
447	302
448	307
449	308
450	260
451	271
452	296
453	307
454	245
455	274
456	237
457	237
458	227
459	244
460	231
461	208
462	206
463	206
464	190
465	221
466	206
467	192
468	153
469	155
470	186
471	184
472	168
473	157
474	185
475	180
476	184
477	174
478	144
479	159
480	150
481	152
482	180
483	148
484	153
485	171
486	172
487	153
488	184
489	146
490	138
491	167
492	164
493	147
494	151
495	159
496	173
497	132
498	161
499	146
500	149
501	145
502	136
503	168
504	117
505	173
506	172
507	124
508	136
509	150
510	131
511	122
512	119
513	129
514	151
515	135
516	154
517	150
518	120
519	137
520	152
521	133
522	132
523	135
524	139
525	117
526	148
527	120
528	129
529	107
530	133
531	127
532	117
533	114
534	96
535	96
536	108
537	104
538	108
539	108
540	99
541	108
542	103
543	108
544	101
545	96
546	89
547	101
548	103
549	91
550	78
551	94
552	88
553	73
554	79
555	72
556	75
557	68
558	70
559	77
560	67
561	65
562	63
563	55
564	60
565	74
566	51
567	77
568	73
569	68
570	61
571	61
572	47
573	56
574	50
575	58
576	42
577	44
578	42
579	38
580	37
581	41
582	49
583	51
584	29
585	34
586	31
587	28
588	42
589	36
590	36
591	26
592	32
593	28
594	30
595	32
596	19
597	36
598	19
599	20
600	29
601	27
602	20
603	22
604	25
605	26
606	14
607	23
608	18
609	17
610	25
611	13
612	17
613	14
614	18
615	13
616	13
617	15
618	11
619	8
620	16
621	16
622	12
623	14
624	13
625	8
626	5
627	12
628	8
629	9
630	11
631	12
632	7
633	8
634	11
635	6
636	5
637	8
638	8
639	4
640	7
641	6
642	11
643	6
644	8
645	5
646	7
647	9
648	7
649	9
650	3
651	11
652	5
653	7
654	3
655	7
656	7
657	4
658	8
659	6
660	4
661	4
662	6
663	6
664	2
665	7
666	3
667	8
668	6
669	6
670	4
671	4
672	2
673	8
674	3
675	5
676	3
677	4
678	5
679	4
680	5
681	2
682	5
683	3
684	4
685	3
686	3
687	6
688	2
689	4
690	1
691	5
692	3
693	1
694	4
695	3
696	1
697	4
698	2
699	5
