23	1
24	2
25	5
26	69
27	113
28	325
29	720
30	976
31	1292
32	2542
33	2927
34	2594
35	3017
36	4093
37	4300
38	5396
39	9902
40	18188
41	29904
42	41692
43	45588
44	43678
45	34262
46	24952
47	17213
48	13062
49	14819
50	21790
51	31394
52	44664
53	43710
54	43238
55	37368
56	27689
57	21587
58	14355
59	14873
60	17398
61	24943
62	33778
63	41890
64	43597
65	37411
66	27952
67	19488
68	14117
69	12214
70	13599
71	17210
72	22806
73	137
74	181
75	38000
76	43511
77	36079
78	13985
79	11467
80	10853
81	12466
82	15226
83	18897
84	22155
85	22949
86	20845
87	16457
88	12928
89	10257
90	8884
91	9287
92	10737
93	13454
94	15925
95	17504
96	16768
97	14207
98	11737
99	9520
100	8327
101	7823
102	8396
103	9998
104	11846
105	13406
106	13471
107	12632
108	10843
109	8693
110	7716
111	6781
112	6965
113	7929
114	9413
115	10471
116	11321
117	11638
118	10836
119	9062
120	8041
121	7326
122	6942
123	6841
124	8137
125	9261
126	10282
127	12063
128	13058
129	12224
130	13516
131	15265
132	12733
133	9177
134	8756
135	9718
136	11690
137	17513
138	22997
139	22853
140	28412
141	37282
142	32752
143	24122
144	19483
145	18718
146	20653
147	25103
148	30771
149	32435
150	37335
151	47997
152	49887
153	47697
154	48338
155	50844
156	54879
157	57237
158	55326
159	47415
160	41117
161	43000
162	49535
163	58789
164	70837
165	85782
166	102223
167	109583
168	99570
169	79217
170	59330
171	49708
172	48694
173	56537
174	68985
175	87224
176	102646
177	108984
178	103109
179	86870
180	69627
181	56773
182	50355
183	51300
184	57458
185	64719
186	74832
187	81552
188	83523
189	76772
190	66660
191	56978
192	50948
193	48729
194	50199
195	52200
196	57379
197	60852
198	62450
199	60465
200	55926
201	51067
202	47070
203	44657
204	43576
205	43675
206	44072
207	44791
208	44843
209	43311
210	41834
211	40791
212	38060
213	36167
214	35310
215	34267
216	33506
217	32461
218	31857
219	30935
220	29595
221	28523
222	27320
223	26246
224	25765
225	24661
226	23595
227	23142
228	21529
229	20981
230	19989
231	18737
232	18152
233	17715
234	17134
235	16729
236	15980
237	15080
238	14237
239	13295
240	12875
241	11977
242	11642
243	11412
244	10938
245	10840
246	10322
247	9827
248	9037
249	8712
250	7943
251	7674
252	7167
253	7196
254	6926
255	6868
256	6449
257	6094
258	5742
259	5442
260	5150
261	4945
262	4643
263	4485
264	4320
265	4233
266	4247
267	4001
268	3841
269	3632
270	3541
271	3449
272	3303
273	3077
274	3069
275	2962
276	3006
277	2962
278	3067
279	3049
280	3059
281	2939
282	2818
283	2678
284	2525
285	2417
286	2585
287	2807
288	3189
289	3453
290	3625
291	3538
292	3236
293	3040
294	2737
295	2721
296	2658
297	3044
298	3621
299	4308
300	4847
301	4900
302	4710
303	4158
304	3661
305	3207
306	3217
307	3328
308	3880
309	4675
310	5210
311	5753
312	5676
313	5457
314	4847
315	4332
316	3933
317	4157
318	4366
319	4850
320	5431
321	6134
322	6386
323	6160
324	5822
325	5203
326	4801
327	4717
328	4697
329	5019
330	5424
331	5810
332	6070
333	5976
334	5850
335	5532
336	5368
337	5052
338	4891
339	4892
340	5055
341	5162
342	5070
343	5116
344	4960
345	5018
346	5096
347	4930
348	4733
349	4718
350	4461
351	4418
352	4458
353	4265
354	4247
355	4180
356	4147
357	4139
358	4236
359	4016
360	3940
361	3858
362	3600
363	3542
364	3241
365	3198
366	3313
367	3273
368	3228
369	3253
370	3130
371	3090
372	2824
373	2667
374	2475
375	2469
376	2446
377	2368
378	2368
379	2457
380	2342
381	2189
382	2154
383	1946
384	1910
385	1727
386	1659
387	1692
388	1594
389	1654
390	1667
391	1609
392	1539
393	1377
394	1404
395	1244
396	1189
397	1122
398	1097
399	1176
400	1033
401	1093
402	1011
403	980
404	937
405	941
406	834
407	812
408	758
409	689
410	704
411	694
412	630
413	593
414	603
415	571
416	550
417	476
418	476
419	464
420	478
421	418
422	434
423	398
424	389
425	372
426	305
427	313
428	300
429	263
430	265
431	252
432	266
433	299
434	247
435	268
436	221
437	194
438	190
439	182
440	184
441	190
442	197
443	201
444	179
445	163
446	153
447	144
448	154
449	141
450	127
451	145
452	149
453	146
454	150
455	133
456	127
457	117
458	116
459	111
460	115
461	128
462	129
463	113
464	124
465	125
466	124
467	120
468	103
469	117
470	106
471	94
472	103
473	126
474	129
475	118
476	138
477	108
478	104
479	108
480	95
481	89
482	90
483	96
484	95
485	102
486	122
487	105
488	121
489	107
490	106
491	93
492	115
493	108
494	116
495	110
496	92
497	106
498	113
499	90
500	80
501	88
502	107
503	93
504	92
505	98
506	100
507	95
508	94
509	78
510	100
511	89
512	82
513	73
514	71
515	85
516	64
517	69
518	80
519	72
520	69
521	88
522	76
523	71
524	64
525	74
526	66
527	70
528	52
529	60
530	65
531	51
532	65
533	40
534	46
535	43
536	49
537	54
538	42
539	42
540	48
541	47
542	46
543	34
544	42
545	43
546	28
547	42
548	36
549	30
550	32
551	30
552	27
553	29
554	22
555	21
556	28
557	24
558	25
559	25
560	29
561	23
562	18
563	21
564	24
565	7
566	21
567	19
568	17
569	22
570	25
571	10
572	9
573	13
574	13
575	8
576	11
577	12
578	12
579	17
580	8
581	13
582	11
583	11
584	6
585	6
586	8
587	10
588	4
589	16
590	9
591	10
592	11
593	6
594	4
595	11
596	9
597	8
598	3
599	8
600	8
601	3
602	4
603	4
604	5
605	2
606	5
607	4
608	3
609	4
610	5
611	2
612	2
613	2
614	4
615	2
616	4
617	4
618	3
619	5
621	2
622	6
623	3
624	1
625	7
626	1
627	3
628	2
629	5
630	2
631	5
633	3
634	3
635	2
636	1
637	3
638	3
639	1
640	3
641	3
642	4
643	2
644	1
645	3
646	1
647	2
648	2
649	2
650	1
652	1
654	3
655	4
656	2
657	1
658	2
660	4
661	2
662	3
664	2
665	1
667	1
669	1
670	1
671	2
672	4
674	4
675	2
676	1
677	2
678	4
679	2
681	2
682	1
683	3
684	2
685	4
686	1
687	3
688	1
689	10
690	1
691	1
692	3
693	2
694	3
695	1
696	2
697	6
699	1
700	1
719	1
