23	1
24	3
25	5
26	61
27	49
28	232
29	560
30	927
31	1207
32	2298
33	3092
34	3277
35	3718
36	4549
37	3759
38	4278
39	7809
40	15502
41	26046
42	35713
43	41941
44	40215
45	31729
46	22402
47	13697
48	9380
49	11436
50	18986
51	29929
52	42857
53	48606
54	49144
55	40813
56	29249
57	19938
58	12001
59	11132
60	15163
61	23832
62	36205
63	46868
64	51796
65	45531
66	32945
67	21876
68	13607
69	11170
70	12248
71	18389
72	26366
73	194
74	285
75	46213
76	59215
77	47944
78	16208
79	11875
80	10462
81	13114
82	18335
83	24808
84	30414
85	32709
86	29109
87	23506
88	16357
89	11917
90	9400
91	9673
92	12766
93	17378
94	22591
95	26044
96	25052
97	20950
98	15933
99	11504
100	9077
101	8219
102	9746
103	13137
104	16185
105	19461
106	19478
107	18965
108	15085
109	11385
110	9427
111	7699
112	8284
113	9430
114	11937
115	14779
116	16168
117	16550
118	14481
119	11583
120	10722
121	9531
122	8594
123	8394
124	10457
125	12917
126	14298
127	15008
128	14445
129	13500
130	15609
131	16902
132	14424
133	11613
134	11769
135	13469
136	15309
137	17655
138	18804
139	18296
140	20828
141	25286
142	23826
143	22030
144	21573
145	22542
146	23006
147	24096
148	24001
149	21393
150	20228
151	23578
152	27985
153	31576
154	35886
155	40559
156	42220
157	41711
158	37600
159	29703
160	23972
161	22957
162	26637
163	33382
164	40730
165	49981
166	57870
167	60385
168	52814
169	41373
170	31149
171	25669
172	24427
173	28227
174	35555
175	43952
176	50983
177	54548
178	51449
179	43575
180	34034
181	27581
182	23518
183	24916
184	27815
185	31676
186	37119
187	40944
188	42139
189	38276
190	33350
191	27267
192	23307
193	22209
194	22504
195	23796
196	26907
197	29420
198	32296
199	30772
200	27647
201	23781
202	20940
203	19714
204	19072
205	19416
206	20550
207	21656
208	22446
209	21931
210	20972
211	19574
212	17577
213	16448
214	15577
215	15304
216	15492
217	15746
218	16085
219	15965
220	15597
221	14217
222	13438
223	12567
224	12193
225	11518
226	11540
227	11517
228	11373
229	10946
230	10980
231	10634
232	10040
233	9473
234	9204
235	8552
236	8373
237	8106
238	8183
239	7880
240	7668
241	7323
242	7142
243	6804
244	6514
245	6251
246	6253
247	5973
248	5746
249	5494
250	5437
251	5213
252	5073
253	5152
254	4693
255	4858
256	4571
257	4626
258	4167
259	4059
260	3976
261	3764
262	3579
263	3525
264	3609
265	3431
266	3497
267	3549
268	3463
269	3494
270	3150
271	3009
272	2855
273	2793
274	2896
275	2905
276	2985
277	3166
278	3262
279	3244
280	3058
281	2887
282	2692
283	2633
284	2537
285	2520
286	2534
287	2987
288	3229
289	3642
290	3474
291	3070
292	3080
293	2627
294	2629
295	2433
296	2634
297	2947
298	3402
299	3855
300	4008
301	3810
302	3639
303	3179
304	2983
305	2897
306	2637
307	2971
308	3176
309	3620
310	3888
311	3971
312	3884
313	3786
314	3319
315	3008
316	2788
317	2850
318	2999
319	3233
320	3520
321	3707
322	3693
323	3476
324	3358
325	3153
326	2865
327	2896
328	2737
329	2844
330	3058
331	2950
332	2955
333	3027
334	2866
335	2769
336	2602
337	2584
338	2495
339	2427
340	2312
341	2447
342	2476
343	2234
344	2182
345	2239
346	2118
347	2114
348	2123
349	2167
350	2007
351	1843
352	1807
353	1777
354	1732
355	1744
356	1652
357	1653
358	1640
359	1585
360	1522
361	1453
362	1390
363	1331
364	1316
365	1206
366	1277
367	1233
368	1222
369	1164
370	1156
371	1041
372	1058
373	937
374	966
375	902
376	822
377	811
378	834
379	823
380	806
381	812
382	740
383	704
384	678
385	638
386	586
387	530
388	530
389	562
390	553
391	563
392	556
393	504
394	502
395	467
396	395
397	404
398	381
399	344
400	387
401	393
402	370
403	338
404	309
405	317
406	270
407	282
408	243
409	268
410	269
411	224
412	234
413	258
414	237
415	231
416	206
417	189
418	210
419	192
420	195
421	160
422	167
423	177
424	172
425	173
426	158
427	168
428	131
429	134
430	118
431	123
432	144
433	132
434	132
435	105
436	121
437	102
438	87
439	99
440	100
441	105
442	119
443	93
444	118
445	111
446	96
447	67
448	75
449	101
450	98
451	100
452	77
453	79
454	89
455	88
456	83
457	79
458	61
459	76
460	62
461	60
462	70
463	69
464	51
465	78
466	63
467	56
468	64
469	60
470	43
471	50
472	56
473	78
474	54
475	59
476	57
477	67
478	52
479	46
480	56
481	50
482	46
483	50
484	51
485	52
486	55
487	51
488	47
489	51
490	50
491	50
492	41
493	39
494	50
495	57
496	46
497	47
498	30
499	33
500	42
501	33
502	25
503	34
504	23
505	32
506	34
507	48
508	33
509	23
510	24
511	37
512	28
513	26
514	24
515	18
516	18
517	21
518	22
519	22
520	23
521	31
522	26
523	13
524	18
525	17
526	18
527	23
528	23
529	18
530	25
531	22
532	14
533	11
534	11
535	11
536	17
537	11
538	15
539	15
540	4
541	17
542	15
543	14
544	12
545	8
547	10
548	3
549	12
550	7
551	3
552	12
553	6
554	5
555	6
556	4
557	8
558	7
559	2
560	8
561	3
562	8
563	5
564	2
565	1
566	4
567	2
568	5
569	9
570	4
571	1
572	2
573	7
574	1
575	3
576	1
577	4
578	3
579	4
580	2
581	6
582	3
583	3
584	2
586	3
587	4
588	2
589	2
590	1
591	4
592	2
593	2
594	1
595	1
596	2
597	4
599	4
601	2
602	3
603	1
604	7
605	2
607	2
608	3
609	2
610	2
612	1
614	1
615	1
616	3
617	2
618	7
620	1
622	1
624	2
625	1
627	1
629	2
631	1
632	1
633	2
638	2
640	1
643	2
645	2
650	1
651	1
652	1
658	2
662	2
664	1
667	1
669	1
672	1
674	1
675	2
676	1
680	1
681	2
685	1
689	2
690	3
698	1
699	1
700	2
