23	21
24	26
25	68
26	703
27	944
28	1792
29	4308
30	7089
31	10094
32	17606
33	22924
34	22677
35	24778
36	26331
37	22335
38	22488
39	37181
40	69966
41	113133
42	155820
43	177093
44	169202
45	132349
46	89116
47	54574
48	36543
49	40458
50	64683
51	103833
52	153233
53	167493
54	164893
55	135394
56	94736
57	65246
58	36826
59	32658
60	42010
61	66933
62	105802
63	137483
64	153803
65	130205
66	95519
67	60005
68	37394
69	27094
70	29099
71	42764
72	62800
73	250
74	460
75	125655
76	146529
77	114339
78	38940
79	26272
80	22022
81	27203
82	36816
83	50054
84	62628
85	67752
86	61658
87	49562
88	33769
89	23832
90	16845
91	16900
92	21034
93	29050
94	38337
95	44610
96	43600
97	36645
98	28145
99	19933
100	15039
101	12702
102	13828
103	17949
104	22549
105	27768
106	28638
107	26901
108	22076
109	16888
110	12380
111	10306
112	10241
113	11471
114	14143
115	17667
116	19524
117	20041
118	17812
119	14660
120	11760
121	9544
122	8496
123	8348
124	9872
125	11963
126	13569
127	14737
128	13857
129	13095
130	13485
131	13542
132	11117
133	9289
134	8903
135	9766
136	11376
137	13223
138	14318
139	12985
140	13761
141	14980
142	14614
143	13481
144	13388
145	13358
146	14301
147	14979
148	14643
149	13081
150	11976
151	13140
152	14791
153	17267
154	19528
155	22118
156	22857
157	22145
158	19687
159	15647
160	11955
161	11220
162	12665
163	15774
164	19752
165	24044
166	27815
167	28170
168	24978
169	19432
170	14743
171	11564
172	10828
173	12200
174	14998
175	18380
176	21604
177	22461
178	21736
179	18107
180	14473
181	11382
182	9755
183	9561
184	10340
185	12339
186	13427
187	14998
188	15761
189	14012
190	12289
191	9862
192	8571
193	7923
194	7572
195	8192
196	8895
197	9877
198	10558
199	10033
200	8949
201	8100
202	6782
203	6307
204	6036
205	6032
206	6249
207	6659
208	6531
209	6367
210	6009
211	5715
212	5244
213	4820
214	4549
215	4215
216	4303
217	4317
218	4256
219	4424
220	4123
221	3955
222	3792
223	3189
224	3168
225	3106
226	2927
227	2772
228	2845
229	2764
230	2774
231	2637
232	2328
233	2235
234	2058
235	2095
236	1936
237	1925
238	1841
239	1752
240	1730
241	1710
242	1579
243	1547
244	1358
245	1422
246	1368
247	1311
248	1266
249	1198
250	1086
251	1091
252	1144
253	942
254	895
255	906
256	904
257	819
258	832
259	721
260	720
261	704
262	644
263	648
264	600
265	580
266	524
267	577
268	541
269	540
270	480
271	482
272	432
273	433
274	489
275	441
276	445
277	408
278	456
279	437
280	408
281	340
282	338
283	338
284	300
285	310
286	319
287	301
288	323
289	351
290	336
291	293
292	271
293	275
294	263
295	221
296	216
297	238
298	283
299	301
300	320
301	280
302	245
303	246
304	216
305	241
306	210
307	170
308	211
309	222
310	233
311	232
312	222
313	185
314	187
315	174
316	190
317	179
318	178
319	186
320	168
321	180
322	162
323	163
324	175
325	180
326	134
327	137
328	110
329	121
330	126
331	141
332	131
333	127
334	106
335	112
336	120
337	103
338	104
339	107
340	96
341	93
342	88
343	85
344	75
345	81
346	79
347	75
348	88
349	85
350	68
351	63
352	70
353	73
354	65
355	65
356	77
357	40
358	42
359	54
360	51
361	38
362	46
363	41
364	34
365	46
366	39
367	42
368	24
369	35
370	52
371	33
372	32
373	32
374	31
375	34
376	33
377	19
378	26
379	27
380	23
381	34
382	17
383	19
384	12
385	12
386	16
387	20
388	11
389	21
390	17
391	14
392	14
393	14
394	8
395	11
396	13
397	11
398	16
399	8
400	8
401	14
402	8
403	19
404	9
405	7
406	9
407	12
408	13
409	5
410	12
411	7
412	2
413	9
414	7
415	7
416	8
417	8
418	7
419	9
420	2
421	4
422	7
423	2
424	5
425	6
426	4
427	1
428	7
429	3
430	3
431	3
432	4
433	7
434	5
435	3
436	2
437	3
438	7
439	3
440	2
441	6
442	4
444	3
445	4
446	1
447	2
448	2
449	2
450	3
451	3
453	1
454	2
455	1
456	2
457	3
458	2
460	2
461	1
462	3
464	2
465	1
466	1
468	2
469	2
470	2
471	1
472	1
475	1
476	4
477	3
478	3
479	5
480	1
481	2
482	2
485	2
486	2
489	1
490	1
491	2
492	2
493	3
495	4
496	2
497	3
498	2
499	1
500	2
506	1
507	2
509	1
511	1
516	1
521	2
523	1
527	3
531	1
536	1
537	2
538	1
539	1
543	3
547	1
550	2
552	2
553	1
554	1
557	1
558	1
571	1
572	1
573	1
580	1
581	1
588	1
592	2
599	1
609	2
613	1
614	1
618	2
627	1
638	2
647	2
649	2
652	1
658	5
676	1
681	1
682	1
683	2
688	1
694	1
703	1
