23	7
24	2
25	3
26	42
27	52
28	138
29	337
30	475
31	634
32	1257
33	1540
34	1309
35	1617
36	2252
37	2289
38	2878
39	5268
40	9667
41	15038
42	20814
43	23390
44	21837
45	17641
46	13073
47	9029
48	6923
49	8034
50	11614
51	16471
52	22484
53	23713
54	23323
55	19324
56	14767
57	11109
58	7762
59	7862
60	9322
61	12672
62	17550
63	21626
64	22725
65	19862
66	14852
67	10807
68	8037
69	7171
70	7480
71	9418
72	12632
73	77
74	134
75	20513
76	24702
77	20502
78	8489
79	7085
80	6673
81	7467
82	9294
83	11354
84	13743
85	14147
86	12735
87	10749
88	8213
89	6744
90	5933
91	5997
92	7111
93	8640
94	10334
95	11542
96	10823
97	9720
98	8036
99	6489
100	5721
101	5469
102	5836
103	6790
104	7998
105	9066
106	9313
107	8734
108	7618
109	6243
110	5682
111	4960
112	5115
113	5525
114	6585
115	7584
116	7909
117	8116
118	7516
119	6622
120	5583
121	5095
122	4719
123	5032
124	5803
125	6710
126	7224
127	8095
128	8334
129	7689
130	8001
131	8686
132	7359
133	6099
134	5734
135	6589
136	7534
137	10435
138	12643
139	12390
140	14883
141	19066
142	16675
143	12520
144	10581
145	10409
146	11218
147	13666
148	16352
149	16914
150	20043
151	25681
152	26052
153	24590
154	24504
155	26031
156	28403
157	29829
158	28652
159	24686
160	21553
161	22361
162	25708
163	30673
164	36546
165	44758
166	53746
167	57273
168	51110
169	41269
170	31008
171	26289
172	25598
173	29600
174	36204
175	46063
176	54469
177	58035
178	55002
179	46779
180	37311
181	30210
182	27051
183	27397
184	30094
185	34682
186	40181
187	44140
188	45069
189	42184
190	36220
191	31947
192	28294
193	26865
194	27357
195	28231
196	31350
197	33579
198	35413
199	34308
200	31769
201	28988
202	26667
203	25557
204	24906
205	24485
206	25181
207	25586
208	25906
209	25627
210	24534
211	23734
212	22503
213	21508
214	21115
215	20111
216	19632
217	18903
218	19117
219	18719
220	18256
221	17500
222	16942
223	16615
224	15827
225	15369
226	14509
227	13947
228	13377
229	12949
230	12724
231	12111
232	11668
233	11384
234	11156
235	10817
236	10169
237	9517
238	9283
239	8737
240	8389
241	7990
242	7868
243	7415
244	7536
245	7002
246	6828
247	6483
248	5861
249	5867
250	5420
251	5225
252	5205
253	5172
254	4745
255	4708
256	4278
257	4275
258	3883
259	3816
260	3749
261	3686
262	3367
263	3268
264	3242
265	3135
266	2929
267	2838
268	2810
269	2670
270	2540
271	2541
272	2402
273	2397
274	2371
275	2195
276	2218
277	2133
278	2161
279	2192
280	2068
281	2110
282	2010
283	1935
284	1830
285	1837
286	1893
287	1909
288	2146
289	2228
290	2380
291	2195
292	2150
293	2100
294	1885
295	1835
296	1845
297	2034
298	2406
299	2770
300	2919
301	3022
302	3025
303	2628
304	2418
305	2213
306	2171
307	2242
308	2409
309	2990
310	3405
311	3712
312	3660
313	3501
314	3160
315	2813
316	2696
317	2696
318	2837
319	3229
320	3831
321	4029
322	4255
323	4234
324	3999
325	3717
326	3301
327	3210
328	3321
329	3529
330	3741
331	4112
332	4236
333	4148
334	4195
335	3986
336	3835
337	3726
338	3561
339	3686
340	3535
341	3718
342	3880
343	3917
344	3787
345	3909
346	3813
347	3723
348	3574
349	3611
350	3517
351	3354
352	3429
353	3349
354	3372
355	3366
356	3528
357	3437
358	3454
359	3299
360	3166
361	3132
362	3027
363	2861
364	2859
365	2672
366	2674
367	2874
368	2790
369	2848
370	2740
371	2626
372	2533
373	2365
374	2315
375	2246
376	2241
377	2203
378	2234
379	2317
380	2148
381	2056
382	1937
383	1817
384	1737
385	1624
386	1652
387	1651
388	1610
389	1697
390	1614
391	1543
392	1474
393	1419
394	1361
395	1214
396	1236
397	1163
398	1160
399	1191
400	1136
401	1142
402	1069
403	919
404	1004
405	919
406	824
407	772
408	781
409	770
410	776
411	786
412	750
413	726
414	677
415	569
416	594
417	579
418	567
419	511
420	506
421	465
422	481
423	409
424	467
425	400
426	415
427	394
428	355
429	326
430	335
431	340
432	308
433	300
434	302
435	299
436	258
437	270
438	259
439	226
440	229
441	221
442	208
443	227
444	196
445	177
446	205
447	197
448	151
449	176
450	183
451	190
452	179
453	165
454	186
455	156
456	160
457	167
458	150
459	138
460	126
461	122
462	104
463	139
464	134
465	128
466	136
467	107
468	135
469	112
470	144
471	118
472	136
473	128
474	132
475	133
476	117
477	110
478	116
479	112
480	120
481	127
482	111
483	119
484	110
485	146
486	121
487	142
488	120
489	108
490	112
491	115
492	129
493	122
494	109
495	119
496	105
497	129
498	124
499	111
500	120
501	98
502	101
503	96
504	97
505	105
506	131
507	116
508	129
509	106
510	108
511	93
512	124
513	106
514	118
515	88
516	111
517	116
518	115
519	122
520	93
521	104
522	112
523	84
524	91
525	79
526	77
527	89
528	94
529	93
530	97
531	102
532	73
533	58
534	60
535	75
536	69
537	74
538	73
539	74
540	84
541	58
542	68
543	67
544	54
545	55
546	61
547	46
548	51
549	63
550	58
551	63
552	46
553	48
554	40
555	56
556	34
557	48
558	46
559	45
560	51
561	42
562	37
563	42
564	34
565	28
566	30
567	33
568	27
569	28
570	34
571	29
572	21
573	22
574	40
575	23
576	20
577	16
578	22
579	22
580	19
581	23
582	22
583	17
584	16
585	17
586	14
587	20
588	23
589	17
590	14
591	10
592	16
593	14
594	13
595	10
596	13
597	14
598	11
599	18
600	9
601	13
602	10
603	6
604	6
605	11
606	9
607	12
608	8
609	7
610	3
611	13
612	4
613	9
614	8
615	6
616	6
617	6
618	5
619	8
620	5
621	3
622	9
623	9
624	8
625	6
626	7
627	3
628	4
629	6
630	7
631	5
632	5
633	7
634	6
635	3
636	3
637	3
638	5
639	8
641	4
642	3
643	5
644	4
645	2
646	6
647	3
648	3
649	7
650	5
652	2
653	5
654	3
655	2
656	3
657	3
658	1
659	1
660	2
662	3
663	3
664	7
665	2
666	3
667	1
668	2
670	3
671	2
672	3
673	3
674	3
675	2
676	2
677	5
678	2
679	1
680	2
681	3
682	3
684	5
685	4
686	1
687	1
688	3
689	2
690	1
691	6
692	3
693	2
694	2
695	3
696	2
697	4
700	2
