24	6
25	10
26	139
27	113
28	417
29	836
30	1011
31	1319
32	2339
33	3015
34	3155
35	4373
36	6057
37	5611
38	6560
39	11714
40	22030
41	34681
42	46756
43	53986
44	52810
45	41968
46	29009
47	18779
48	13974
49	16655
50	26642
51	40951
52	57961
53	67598
54	66677
55	56251
56	40320
57	26259
58	17890
59	16925
60	23032
61	34185
62	49895
63	63231
64	68203
65	59432
66	43066
67	28167
68	18999
69	15320
70	17148
71	24386
72	35612
73	222
74	399
75	66825
76	76720
77	60906
78	19105
79	14845
80	14329
81	18997
82	25671
83	33658
84	41549
85	42652
86	37490
87	30179
88	21185
89	15331
90	12954
91	14172
92	18039
93	24398
94	30695
95	34335
96	31715
97	26895
98	20245
99	15353
100	12131
101	11932
102	13810
103	18118
104	22866
105	25825
106	26845
107	23726
108	19514
109	14752
110	11773
111	10559
112	11317
113	13659
114	17012
115	20373
116	21530
117	20827
118	18049
119	13915
120	11301
121	9621
122	9343
123	10637
124	13524
125	15860
126	17451
127	17896
128	16567
129	14298
130	12266
131	11492
132	9994
133	9919
134	11067
135	13264
136	15327
137	17827
138	19052
139	16981
140	16223
141	16943
142	14998
143	13561
144	13439
145	14550
146	16404
147	18281
148	19779
149	18347
150	17064
151	19033
152	20349
153	21585
154	23904
155	27112
156	29459
157	31417
158	29626
159	25298
160	20246
161	19592
162	22706
163	26829
164	33477
165	43038
166	53057
167	58110
168	52288
169	40444
170	29729
171	24166
172	23076
173	26358
174	32909
175	42232
176	51999
177	56367
178	54051
179	44094
180	35046
181	27355
182	24436
183	24412
184	27938
185	32797
186	38970
187	42778
188	44795
189	40151
190	33947
191	28641
192	25533
193	24943
194	25481
195	27233
196	30460
197	33691
198	34909
199	33686
200	30812
201	28186
202	25529
203	24831
204	23963
205	24947
206	25793
207	27287
208	28004
209	27343
210	26417
211	24987
212	22997
213	21876
214	21396
215	20978
216	21606
217	21582
218	21927
219	22064
220	21134
221	20298
222	19567
223	18574
224	18145
225	18029
226	17643
227	16947
228	17391
229	17052
230	16619
231	15687
232	15375
233	15115
234	14778
235	14455
236	14210
237	13826
238	13382
239	12698
240	12817
241	12465
242	12391
243	11452
244	11501
245	11145
246	10855
247	10480
248	9821
249	9605
250	9507
251	9341
252	9282
253	9086
254	8911
255	8386
256	8213
257	8078
258	7986
259	7829
260	7369
261	7158
262	7066
263	6839
264	6801
265	6573
266	6587
267	6175
268	6145
269	5846
270	5757
271	5564
272	5441
273	5386
274	5357
275	5049
276	5052
277	4973
278	5122
279	4873
280	4774
281	4681
282	4664
283	4453
284	4496
285	4475
286	4417
287	4435
288	4590
289	4635
290	4639
291	4476
292	4370
293	4287
294	4044
295	3797
296	3936
297	3994
298	4287
299	4553
300	4835
301	5054
302	4844
303	4342
304	4095
305	3716
306	3661
307	3610
308	3799
309	4116
310	4314
311	4516
312	4625
313	4477
314	4129
315	3859
316	3642
317	3646
318	3604
319	3860
320	4056
321	4204
322	4140
323	4200
324	4112
325	3880
326	3806
327	3685
328	3588
329	3556
330	3491
331	3566
332	3715
333	3905
334	3774
335	3779
336	3669
337	3604
338	3479
339	3151
340	3243
341	3153
342	3135
343	3077
344	3139
345	3118
346	3204
347	3293
348	2994
349	2999
350	2884
351	2757
352	2696
353	2526
354	2633
355	2625
356	2647
357	2813
358	2621
359	2466
360	2467
361	2409
362	2224
363	2074
364	2049
365	1926
366	2032
367	2050
368	2088
369	2079
370	2175
371	1901
372	1871
373	1710
374	1571
375	1601
376	1579
377	1599
378	1687
379	1670
380	1672
381	1569
382	1425
383	1352
384	1387
385	1254
386	1202
387	1179
388	1255
389	1282
390	1260
391	1191
392	1182
393	1068
394	1085
395	992
396	1011
397	917
398	918
399	939
400	934
401	955
402	950
403	884
404	868
405	716
406	694
407	700
408	695
409	706
410	711
411	657
412	648
413	700
414	603
415	621
416	548
417	544
418	498
419	526
420	524
421	495
422	480
423	522
424	505
425	443
426	394
427	405
428	389
429	368
430	379
431	405
432	335
433	378
434	374
435	326
436	342
437	303
438	328
439	258
440	292
441	291
442	285
443	299
444	253
445	260
446	244
447	227
448	241
449	217
450	188
451	210
452	196
453	239
454	205
455	213
456	212
457	174
458	185
459	168
460	164
461	177
462	190
463	160
464	154
465	144
466	156
467	142
468	118
469	121
470	118
471	121
472	130
473	93
474	111
475	132
476	118
477	111
478	99
479	90
480	112
481	87
482	104
483	106
484	96
485	91
486	88
487	115
488	96
489	74
490	79
491	65
492	72
493	67
494	94
495	79
496	76
497	65
498	56
499	65
500	64
501	71
502	47
503	56
504	58
505	55
506	68
507	52
508	51
509	42
510	50
511	39
512	44
513	45
514	35
515	43
516	56
517	35
518	47
519	32
520	42
521	33
522	32
523	30
524	26
525	35
526	35
527	24
528	32
529	31
530	23
531	37
532	27
533	19
534	29
535	19
536	32
537	23
538	20
539	23
540	23
541	16
542	28
543	28
544	18
545	19
546	17
547	22
548	21
549	15
550	22
551	17
552	17
553	12
554	13
555	15
556	9
557	7
558	14
559	9
560	11
561	11
562	13
563	11
564	12
565	12
566	8
567	6
568	10
569	11
570	11
571	5
572	9
573	7
574	4
575	4
576	3
577	3
578	5
579	4
580	4
581	8
582	6
583	12
584	3
585	5
586	2
587	11
588	5
589	5
590	4
591	3
592	6
593	2
594	3
595	4
596	5
597	3
598	6
599	3
600	6
601	6
602	5
603	3
604	3
605	5
606	1
607	1
608	3
609	1
610	4
611	1
612	2
613	6
614	3
615	1
616	2
617	6
619	2
620	2
621	2
622	1
623	1
624	1
625	1
626	1
633	3
634	4
637	1
639	3
641	2
642	1
649	1
651	1
655	1
656	1
657	1
664	1
665	1
666	2
668	1
672	1
673	2
685	1
688	1
690	1
692	1
695	1
730	1
