23	3
24	6
25	5
26	75
27	74
28	179
29	466
30	657
31	765
32	1351
33	1916
34	1863
35	2498
36	3305
37	3078
38	3869
39	7556
40	15370
41	25839
42	38103
43	42800
44	41623
45	29239
46	18818
47	11340
48	7883
49	9585
50	15931
51	26292
52	39435
53	42473
54	41411
55	34152
56	23573
57	15471
58	9005
59	8708
60	11813
61	19426
62	28217
63	36386
64	41508
65	34689
66	24836
67	15055
68	9095
69	6937
70	8107
71	12040
72	17959
73	122
74	200
75	35174
76	37956
77	29133
78	9502
79	6509
80	5755
81	7504
82	10638
83	14480
84	17542
85	17842
86	16022
87	11886
88	8114
89	5705
90	4448
91	4543
92	6313
93	8585
94	10694
95	12397
96	11548
97	9537
98	6874
99	4826
100	3720
101	3386
102	4101
103	5169
104	6902
105	8465
106	8385
107	7865
108	5988
109	4403
110	3478
111	3008
112	3203
113	3633
114	4808
115	6152
116	6583
117	6352
118	5648
119	4442
120	3782
121	3859
122	3232
123	3226
124	3901
125	4956
126	5611
127	6450
128	6381
129	6492
130	9094
131	12138
132	9929
133	6675
134	5348
135	5680
136	7307
137	12272
138	17456
139	16151
140	19729
141	27933
142	26979
143	20804
144	17006
145	16854
146	16974
147	19614
148	23266
149	21854
150	21607
151	27457
152	33793
153	37166
154	40719
155	44135
156	48178
157	52077
158	49082
159	38559
160	31188
161	29531
162	35910
163	45572
164	57921
165	72483
166	90200
167	103056
168	97470
169	74920
170	53096
171	40535
172	38471
173	45007
174	57757
175	75534
176	94454
177	106171
178	103266
179	88881
180	69049
181	53498
182	45493
183	45400
184	51070
185	61365
186	73782
187	83700
188	87522
189	82551
190	71434
191	59988
192	53168
193	49772
194	50942
195	54434
196	60271
197	66648
198	71066
199	69903
200	64897
201	59525
202	54544
203	51774
204	49936
205	50187
206	52008
207	53588
208	54563
209	53401
210	52964
211	49890
212	48142
213	46430
214	44749
215	43884
216	43207
217	42328
218	41545
219	40944
220	39995
221	38958
222	37572
223	36939
224	36388
225	34568
226	33413
227	32147
228	30969
229	30068
230	29196
231	28476
232	27574
233	26999
234	26404
235	25388
236	24652
237	22948
238	22265
239	21162
240	20292
241	19291
242	18747
243	18333
244	18216
245	17743
246	17069
247	16050
248	15074
249	14777
250	13758
251	13107
252	12451
253	12205
254	12133
255	11917
256	11624
257	10805
258	9941
259	9617
260	8844
261	8693
262	8502
263	7682
264	7701
265	7639
266	7332
267	7330
268	6995
269	6611
270	6100
271	5998
272	6041
273	5473
274	5347
275	5245
276	5290
277	5337
278	5112
279	5545
280	5148
281	5118
282	4996
283	4699
284	4626
285	4326
286	4411
287	4618
288	5020
289	5718
290	6066
291	6654
292	6717
293	5999
294	5433
295	4736
296	4809
297	5296
298	6026
299	7413
300	8653
301	10217
302	10983
303	10171
304	9318
305	7608
306	6597
307	6781
308	7205
309	8943
310	10919
311	12801
312	14789
313	15067
314	14193
315	12915
316	10869
317	10281
318	10056
319	11250
320	13079
321	15557
322	17482
323	19496
324	18621
325	18110
326	16001
327	14439
328	13854
329	13679
330	14760
331	16306
332	18158
333	19629
334	20309
335	20839
336	19627
337	18427
338	17243
339	16235
340	16159
341	16672
342	17364
343	17969
344	19229
345	20060
346	20457
347	20154
348	19197
349	18247
350	17302
351	16864
352	16825
353	16707
354	17073
355	17759
356	19114
357	19099
358	19004
359	18632
360	17455
361	16560
362	15696
363	14958
364	15072
365	15751
366	16101
367	16601
368	16849
369	16695
370	16584
371	15642
372	14531
373	13643
374	12745
375	12568
376	13161
377	13581
378	13845
379	13938
380	14051
381	13411
382	12730
383	11408
384	11068
385	10483
386	10633
387	10601
388	10860
389	10937
390	10968
391	10831
392	10180
393	9557
394	8896
395	8644
396	8215
397	8177
398	7954
399	8126
400	8146
401	8076
402	7976
403	7391
404	6972
405	6637
406	6236
407	6073
408	5799
409	5844
410	5874
411	5765
412	5595
413	5280
414	5184
415	4712
416	4401
417	4250
418	4141
419	4185
420	4251
421	4157
422	3879
423	3801
424	3572
425	3409
426	3301
427	3029
428	2947
429	2861
430	2833
431	2632
432	2700
433	2631
434	2456
435	2234
436	2152
437	2129
438	2076
439	1912
440	1913
441	1966
442	1834
443	1888
444	1771
445	1767
446	1541
447	1535
448	1498
449	1389
450	1401
451	1499
452	1467
453	1422
454	1423
455	1249
456	1334
457	1261
458	1201
459	1193
460	1128
461	1139
462	1204
463	1277
464	1192
465	1206
466	1152
467	1113
468	1032
469	1033
470	1108
471	1141
472	1179
473	1171
474	1180
475	1222
476	1195
477	1150
478	1083
479	1058
480	1162
481	1097
482	1160
483	1253
484	1222
485	1323
486	1273
487	1262
488	1253
489	1244
490	1222
491	1225
492	1236
493	1318
494	1396
495	1457
496	1496
497	1467
498	1345
499	1407
500	1279
501	1327
502	1259
503	1426
504	1522
505	1494
506	1530
507	1564
508	1450
509	1387
510	1473
511	1428
512	1405
513	1379
514	1504
515	1474
516	1528
517	1528
518	1524
519	1446
520	1440
521	1401
522	1406
523	1354
524	1332
525	1486
526	1435
527	1427
528	1483
529	1369
530	1430
531	1258
532	1393
533	1273
534	1282
535	1287
536	1258
537	1276
538	1362
539	1370
540	1335
541	1320
542	1164
543	1161
544	1105
545	1177
546	1170
547	1047
548	1125
549	1188
550	1198
551	1127
552	1062
553	1009
554	993
555	948
556	951
557	938
558	858
559	942
560	919
561	932
562	848
563	859
564	777
565	763
566	727
567	794
568	716
569	782
570	714
571	719
572	701
573	623
574	614
575	598
576	597
577	563
578	535
579	584
580	523
581	538
582	481
583	510
584	432
585	435
586	467
587	464
588	429
589	456
590	434
591	418
592	387
593	362
594	364
595	331
596	325
597	313
598	322
599	336
600	325
601	297
602	347
603	286
604	274
605	255
606	225
607	270
608	219
609	223
610	214
611	244
612	221
613	245
614	207
615	194
616	166
617	176
618	176
619	185
620	167
621	148
622	166
623	189
624	161
625	142
626	180
627	152
628	143
629	130
630	111
631	138
632	139
633	121
634	135
635	126
636	115
637	123
638	132
639	150
640	126
641	94
642	122
643	133
644	133
645	145
646	129
647	117
648	98
649	97
650	127
651	107
652	97
653	118
654	131
655	107
656	125
657	96
658	94
659	106
660	88
661	108
662	93
663	97
664	108
665	111
666	106
667	98
668	85
669	74
670	87
671	106
672	93
673	89
674	89
675	95
676	86
677	98
678	91
679	87
680	72
681	68
682	83
683	105
684	96
685	84
686	96
687	77
688	108
689	74
690	80
691	59
692	89
693	83
694	56
695	82
696	90
697	61
698	81
699	64
700	67
701	3
702	1
731	1
