23	7
24	7
25	16
26	318
27	482
28	1290
29	3149
30	4414
31	6568
32	12096
33	14667
34	12929
35	16051
36	20547
37	21376
38	27922
39	53530
40	101029
41	164878
42	230257
43	257730
44	241122
45	186366
46	129842
47	84842
48	64716
49	76832
50	110565
51	162044
52	221891
53	235666
54	228713
55	185263
56	132206
57	93332
58	62856
59	59855
60	72028
61	102475
62	143333
63	173873
64	182622
65	154794
66	112369
67	75289
68	51072
69	43550
70	45624
71	60257
72	82250
73	272
74	438
75	136181
76	155888
77	127061
78	45879
79	35557
80	32912
81	38443
82	47867
83	59765
84	70939
85	73506
86	65486
87	52064
88	37475
89	28399
90	23516
91	23863
92	28032
93	35702
94	42772
95	48592
96	45586
97	37588
98	29507
99	22381
100	19422
101	17077
102	18382
103	22285
104	26726
105	30170
106	30561
107	28508
108	23133
109	18208
110	14885
111	12783
112	13016
113	14459
114	16705
115	20131
116	21057
117	21187
118	19274
119	15192
120	13033
121	11156
122	10107
123	10241
124	11633
125	13958
126	15166
127	16953
128	16869
129	14991
130	15946
131	16760
132	13442
133	11069
134	10259
135	11436
136	13633
137	18424
138	22029
139	21689
140	25418
141	31377
142	27322
143	20785
144	16806
145	16274
146	17599
147	20740
148	24061
149	24095
150	27680
151	32446
152	33627
153	32494
154	32668
155	34089
156	36127
157	37148
158	33770
159	28048
160	23290
161	23421
162	26777
163	32591
164	38473
165	47273
166	54254
167	55560
168	48587
169	37101
170	26648
171	22106
172	20947
173	24107
174	29396
175	36376
176	42035
177	43275
178	39946
179	33261
180	25240
181	19806
182	17379
183	17689
184	19804
185	21849
186	24026
187	26345
188	26400
189	23322
190	19419
191	16493
192	14250
193	13158
194	13445
195	13789
196	14633
197	15351
198	15604
199	14785
200	13319
201	11888
202	10544
203	9680
204	9356
205	9277
206	9433
207	9371
208	9138
209	8638
210	8331
211	7833
212	7027
213	6628
214	6217
215	5832
216	5625
217	5481
218	5213
219	4930
220	4637
221	4515
222	4137
223	3832
224	3746
225	3602
226	3322
227	3189
228	3006
229	2786
230	2618
231	2354
232	2341
233	2203
234	2165
235	1982
236	1876
237	1784
238	1606
239	1497
240	1436
241	1248
242	1238
243	1179
244	1166
245	1099
246	1043
247	932
248	816
249	797
250	666
251	692
252	645
253	636
254	599
255	542
256	534
257	455
258	445
259	407
260	415
261	375
262	355
263	318
264	299
265	309
266	274
267	271
268	238
269	256
270	238
271	228
272	235
273	198
274	177
275	195
276	158
277	144
278	176
279	156
280	169
281	139
282	155
283	140
284	118
285	115
286	115
287	136
288	140
289	159
290	137
291	111
292	124
293	113
294	94
295	92
296	89
297	94
298	132
299	125
300	141
301	123
302	124
303	108
304	90
305	69
306	91
307	91
308	92
309	89
310	112
311	150
312	110
313	93
314	99
315	86
316	78
317	90
318	78
319	98
320	99
321	105
322	101
323	108
324	105
325	89
326	76
327	75
328	85
329	94
330	93
331	92
332	101
333	74
334	76
335	81
336	86
337	59
338	80
339	73
340	88
341	80
342	79
343	66
344	63
345	66
346	58
347	69
348	75
349	59
350	63
351	69
352	53
353	51
354	38
355	49
356	45
357	46
358	53
359	51
360	53
361	32
362	41
363	32
364	30
365	33
366	34
367	36
368	37
369	40
370	40
371	34
372	32
373	27
374	20
375	33
376	23
377	29
378	24
379	27
380	26
381	21
382	26
383	31
384	27
385	21
386	20
387	21
388	24
389	15
390	13
391	11
392	17
393	14
394	15
395	10
396	9
397	14
398	6
399	18
400	11
401	11
402	12
403	8
404	12
405	9
406	13
407	11
408	4
409	6
410	8
411	6
412	9
413	7
414	7
415	7
416	11
417	5
418	5
419	4
420	6
421	3
422	4
423	4
424	5
425	1
426	2
427	2
428	3
429	1
430	2
431	4
432	6
433	1
434	5
438	3
439	1
440	1
442	4
443	2
444	3
445	1
446	1
448	2
450	1
451	1
452	3
453	1
454	2
457	2
459	3
460	3
461	3
462	1
464	3
465	1
467	3
468	1
470	2
471	2
472	1
474	1
476	1
478	1
481	1
483	2
485	1
488	4
489	2
492	5
493	2
494	1
495	1
496	2
497	1
498	2
499	1
501	1
503	1
504	2
505	2
507	2
509	1
510	1
511	1
513	2
515	1
516	1
517	2
518	2
521	1
522	2
524	2
526	1
527	1
528	1
529	1
532	1
534	1
539	2
542	1
543	9
544	1
545	3
546	1
547	2
548	3
549	1
550	1
551	1
553	1
554	1
556	1
568	1
569	1
570	1
573	1
575	1
578	1
583	1
585	3
586	1
588	1
596	1
598	1
599	1
602	1
604	2
618	2
621	1
627	1
628	1
629	2
630	1
631	1
634	2
642	2
644	3
657	1
661	1
662	3
666	1
667	1
673	1
676	1
677	1
680	2
683	1
687	1
689	5
696	1
698	2
