23	4
24	2
25	8
26	131
27	216
28	513
29	1022
30	1250
31	1680
32	2991
33	3519
34	3573
35	5011
36	6696
37	6590
38	7489
39	12832
40	23637
41	36882
42	51495
43	58169
44	54853
45	41272
46	27993
47	17855
48	12425
49	14755
50	22904
51	35174
52	50817
53	55298
54	54399
55	45116
56	33408
57	22964
58	14569
59	13952
60	18067
61	27253
62	39783
63	49938
64	52938
65	47274
66	34869
67	22739
68	15486
69	12330
70	14215
71	19492
72	27129
73	180
74	348
75	51986
76	57938
77	46106
78	17044
79	12241
80	11798
81	14171
82	18768
83	24303
84	29728
85	30478
86	27613
87	22051
88	16021
89	11581
90	9995
91	10564
92	12613
93	16769
94	20793
95	23264
96	21811
97	18389
98	14553
99	11006
100	9088
101	8743
102	9843
103	12477
104	15078
105	16848
106	17291
107	15813
108	13525
109	10420
110	8669
111	7723
112	8052
113	9253
114	11694
115	13543
116	14034
117	13918
118	12579
119	10097
120	8396
121	7539
122	7080
123	7718
124	9332
125	11066
126	12060
127	12365
128	11429
129	10181
130	9680
131	9129
132	8295
133	7620
134	8294
135	9860
136	11269
137	13816
138	14843
139	12878
140	12896
141	14184
142	13271
143	11898
144	11894
145	12318
146	13213
147	15317
148	16241
149	15492
150	14922
151	16402
152	17883
153	19145
154	21801
155	24524
156	26875
157	27587
158	27082
159	22926
160	18289
161	17289
162	19776
163	24837
164	30897
165	39757
166	48830
167	54563
168	50323
169	39353
170	28267
171	22579
172	21466
173	24620
174	31104
175	40801
176	50128
177	55239
178	51866
179	43765
180	34449
181	27885
182	24592
183	24633
184	27852
185	33111
186	38960
187	44138
188	45175
189	41498
190	35816
191	29684
192	27229
193	26520
194	27176
195	29325
196	33287
197	36486
198	38085
199	36334
200	33537
201	29757
202	27432
203	27149
204	26783
205	28274
206	29875
207	30812
208	31603
209	30597
210	29495
211	27302
212	26612
213	25331
214	25204
215	25224
216	25738
217	25631
218	26214
219	25872
220	24954
221	23834
222	22947
223	22264
224	21550
225	21786
226	21584
227	21816
228	21249
229	21178
230	20173
231	20041
232	19328
233	18688
234	18456
235	18037
236	17850
237	17190
238	17113
239	16799
240	16364
241	15898
242	15674
243	15546
244	14700
245	14384
246	14281
247	13966
248	13388
249	13224
250	12957
251	12871
252	12136
253	11817
254	11908
255	11248
256	11290
257	11035
258	10523
259	10307
260	10285
261	9950
262	9676
263	9497
264	9316
265	9044
266	8922
267	8657
268	8400
269	8604
270	8500
271	8187
272	7884
273	7863
274	7701
275	7326
276	7416
277	7221
278	7306
279	7495
280	7724
281	7263
282	7195
283	7076
284	6557
285	6439
286	6362
287	6510
288	6963
289	7163
290	7645
291	7599
292	7233
293	7204
294	6703
295	6220
296	6188
297	6386
298	6995
299	7714
300	8326
301	8830
302	8560
303	8188
304	7290
305	6835
306	6368
307	6522
308	6813
309	7332
310	8087
311	8685
312	8735
313	8774
314	8537
315	8022
316	7347
317	7076
318	7119
319	7588
320	7890
321	8383
322	8766
323	8919
324	8859
325	8651
326	8247
327	7668
328	7646
329	7478
330	7808
331	8151
332	8255
333	8116
334	8696
335	8637
336	8514
337	8274
338	8022
339	7854
340	7608
341	7448
342	7354
343	7599
344	7667
345	7913
346	8032
347	7952
348	7974
349	7726
350	7244
351	7045
352	6930
353	6818
354	6740
355	6932
356	7177
357	7396
358	7334
359	7347
360	6934
361	6643
362	6414
363	6006
364	5840
365	5923
366	6080
367	6387
368	6615
369	6566
370	6287
371	6183
372	5741
373	5409
374	5125
375	5210
376	5172
377	5534
378	5362
379	5398
380	5421
381	5270
382	5043
383	4697
384	4599
385	4348
386	4293
387	4447
388	4468
389	4653
390	4753
391	4473
392	4328
393	4206
394	3871
395	3779
396	3569
397	3586
398	3687
399	3667
400	3776
401	3696
402	3576
403	3418
404	3430
405	3171
406	3131
407	3019
408	3023
409	3016
410	3040
411	3068
412	2906
413	2934
414	2704
415	2638
416	2430
417	2485
418	2354
419	2432
420	2461
421	2495
422	2412
423	2444
424	2332
425	2169
426	2141
427	1980
428	2009
429	2002
430	1976
431	2040
432	1988
433	1958
434	1915
435	1882
436	1731
437	1733
438	1619
439	1596
440	1711
441	1625
442	1641
443	1673
444	1636
445	1595
446	1453
447	1410
448	1379
449	1433
450	1392
451	1462
452	1412
453	1409
454	1342
455	1309
456	1334
457	1172
458	1185
459	1216
460	1203
461	1227
462	1179
463	1200
464	1295
465	1171
466	1221
467	1158
468	1090
469	983
470	1051
471	1038
472	1037
473	1098
474	1064
475	1034
476	1094
477	976
478	930
479	940
480	947
481	904
482	1018
483	1004
484	985
485	961
486	957
487	929
488	846
489	855
490	816
491	865
492	818
493	880
494	828
495	890
496	856
497	881
498	771
499	764
500	750
501	735
502	739
503	739
504	733
505	792
506	832
507	775
508	735
509	668
510	692
511	658
512	678
513	672
514	663
515	666
516	669
517	704
518	660
519	658
520	637
521	572
522	601
523	630
524	589
525	563
526	609
527	609
528	622
529	607
530	563
531	556
532	492
533	559
534	517
535	528
536	515
537	512
538	533
539	552
540	471
541	543
542	458
543	445
544	438
545	460
546	434
547	457
548	453
549	447
550	453
551	414
552	422
553	398
554	423
555	386
556	400
557	391
558	365
559	355
560	363
561	357
562	321
563	331
564	321
565	351
566	320
567	321
568	347
569	304
570	337
571	289
572	299
573	308
574	277
575	269
576	279
577	255
578	258
579	256
580	244
581	262
582	225
583	251
584	236
585	218
586	203
587	217
588	224
589	210
590	203
591	173
592	190
593	203
594	209
595	204
596	180
597	187
598	171
599	197
600	178
601	160
602	146
603	150
604	131
605	152
606	150
607	135
608	133
609	150
610	135
611	154
612	135
613	152
614	114
615	117
616	121
617	115
618	128
619	132
620	111
621	112
622	121
623	111
624	139
625	93
626	93
627	107
628	100
629	96
630	71
631	99
632	97
633	109
634	91
635	83
636	84
637	85
638	92
639	93
640	81
641	81
642	81
643	81
644	90
645	68
646	64
647	66
648	88
649	55
650	76
651	81
652	80
653	65
654	65
655	73
656	51
657	74
658	77
659	71
660	59
661	52
662	60
663	67
664	69
665	47
666	61
667	48
668	46
669	53
670	39
671	41
672	39
673	48
674	45
675	37
676	38
677	39
678	44
679	51
680	53
681	45
682	30
683	38
684	34
685	44
686	29
687	35
688	30
689	27
690	45
691	27
692	34
693	34
694	38
695	34
696	24
697	33
698	32
699	31
700	29
701	3
702	1
704	1
705	2
706	1
711	1
724	1
