23	2
24	12
25	10
26	112
27	122
28	376
29	903
30	1217
31	1817
32	3213
33	4174
34	3972
35	4621
36	6008
37	5133
38	6335
39	12472
40	26850
41	44189
42	61166
43	70759
44	69179
45	54316
46	35234
47	20886
48	13985
49	17266
50	29799
51	47550
52	70439
53	78173
54	77181
55	63136
56	43900
57	27762
58	15927
59	15511
60	22179
61	35618
62	54997
63	70062
64	77168
65	64982
66	45281
67	27509
68	17333
69	13244
70	15632
71	24316
72	36982
73	237
74	450
75	72105
76	79345
77	61167
78	19451
79	13399
80	12265
81	16651
82	23967
83	32403
84	40404
85	41501
86	36553
87	26639
88	18184
89	12331
90	9639
91	10516
92	14482
93	20848
94	26325
95	30345
96	28733
97	22928
98	16506
99	11461
100	9094
101	8098
102	9712
103	13672
104	17463
105	20819
106	20686
107	18643
108	14725
109	10362
110	7983
111	6885
112	7196
113	8805
114	11544
115	14729
116	15426
117	15048
118	13522
119	9850
120	8752
121	7645
122	7104
123	7466
124	8579
125	10948
126	12316
127	12666
128	12439
129	11879
130	14310
131	16507
132	13327
133	10382
134	9581
135	10442
136	12456
137	14584
138	16030
139	14949
140	17166
141	21345
142	20515
143	18555
144	17173
145	16817
146	17936
147	18401
148	18670
149	15758
150	15459
151	17601
152	20808
153	23668
154	25590
155	28197
156	30108
157	28929
158	25895
159	20246
160	16090
161	15663
162	17676
163	21743
164	26713
165	32828
166	37691
167	39160
168	34594
169	26895
170	19758
171	15513
172	15144
173	17368
174	21690
175	27100
176	31002
177	32726
178	30531
179	25798
180	20310
181	15955
182	13565
183	14250
184	16052
185	18557
186	20934
187	22752
188	23007
189	20920
190	17395
191	14471
192	12356
193	11921
194	12315
195	12861
196	14343
197	15563
198	16167
199	15215
200	13808
201	11638
202	10399
203	9763
204	9474
205	9732
206	10400
207	10576
208	10524
209	10412
210	9618
211	8825
212	7956
213	7502
214	7159
215	7253
216	7165
217	7114
218	7171
219	6864
220	6677
221	6302
222	5717
223	5410
224	5159
225	5133
226	4958
227	4714
228	4651
229	4483
230	4340
231	4175
232	3750
233	3634
234	3480
235	3513
236	3383
237	3295
238	3075
239	2910
240	2796
241	2682
242	2569
243	2392
244	2407
245	2294
246	2255
247	2069
248	2037
249	1811
250	1892
251	1573
252	1748
253	1611
254	1556
255	1555
256	1524
257	1466
258	1393
259	1303
260	1196
261	1144
262	1109
263	1001
264	1044
265	1059
266	1078
267	1141
268	1047
269	963
270	947
271	832
272	780
273	752
274	775
275	826
276	865
277	843
278	843
279	828
280	800
281	760
282	663
283	584
284	610
285	606
286	691
287	711
288	780
289	799
290	772
291	726
292	642
293	609
294	517
295	566
296	551
297	638
298	752
299	818
300	878
301	802
302	803
303	602
304	589
305	496
306	554
307	511
308	652
309	666
310	753
311	771
312	721
313	604
314	627
315	491
316	483
317	498
318	483
319	627
320	603
321	651
322	545
323	573
324	494
325	456
326	438
327	397
328	415
329	425
330	477
331	398
332	461
333	443
334	395
335	375
336	357
337	345
338	314
339	354
340	321
341	275
342	307
343	282
344	286
345	250
346	261
347	246
348	252
349	252
350	238
351	245
352	215
353	204
354	168
355	177
356	176
357	161
358	175
359	199
360	140
361	124
362	130
363	126
364	112
365	129
366	99
367	108
368	107
369	109
370	96
371	100
372	81
373	85
374	80
375	78
376	80
377	69
378	59
379	65
380	52
381	50
382	64
383	51
384	56
385	60
386	44
387	41
388	34
389	37
390	43
391	35
392	37
393	46
394	36
395	37
396	23
397	30
398	31
399	19
400	25
401	28
402	21
403	20
404	24
405	26
406	20
407	17
408	14
409	16
410	17
411	20
412	11
413	10
414	14
415	10
416	10
417	6
418	5
419	19
420	9
421	8
422	8
423	10
424	13
425	9
426	4
427	8
428	3
429	8
430	7
431	4
432	2
433	6
434	2
435	6
436	4
437	4
438	5
439	3
440	3
441	1
442	1
443	2
444	2
445	2
446	3
447	4
448	2
449	2
450	2
451	3
452	3
453	3
454	3
455	1
456	2
457	5
458	2
459	3
460	1
461	1
462	5
464	3
465	1
466	2
467	1
468	4
469	1
470	1
471	7
472	2
473	3
474	1
475	4
476	2
477	1
478	1
480	1
481	3
482	1
484	2
486	1
488	2
490	1
491	2
493	2
494	1
495	2
496	1
499	1
500	1
504	1
505	1
506	1
511	4
513	1
516	1
518	1
519	2
520	1
521	1
522	1
525	1
530	1
546	1
547	3
550	2
554	2
555	1
557	1
562	2
565	3
574	1
589	1
591	1
621	3
624	1
628	2
633	1
641	1
651	1
675	1
677	1
681	1
682	1
685	1
692	1
698	1
