23	4
24	8
25	22
26	435
27	672
28	2145
29	4908
30	7032
31	10131
32	19639
33	23079
34	18783
35	22621
36	29074
37	28640
38	36291
39	64076
40	119836
41	197799
42	287002
43	320557
44	314103
45	234889
46	169998
47	118416
48	89488
49	97974
50	147784
51	210973
52	298593
53	313053
54	307768
55	257763
56	183028
57	136322
58	90748
59	86403
60	100122
61	134176
62	185238
63	224757
64	238081
65	202103
66	150761
67	100513
68	69409
69	59282
70	59297
71	76133
72	98491
73	260
74	422
75	161812
76	182219
77	150335
78	56853
79	43618
80	38571
81	43058
82	52205
83	64067
84	75142
85	77690
86	68636
87	54320
88	40095
89	31464
90	25275
91	24827
92	27796
93	35212
94	41992
95	46572
96	43616
97	35934
98	28115
99	22402
100	19324
101	16689
102	17445
103	20088
104	23281
105	26692
106	26539
107	24911
108	20535
109	16294
110	13778
111	11447
112	11189
113	11764
114	13550
115	16135
116	16910
117	17224
118	16065
119	12402
120	11058
121	9115
122	7962
123	7695
124	9006
125	10635
126	11367
127	12140
128	11961
129	11057
130	11048
131	11112
132	9336
133	7650
134	7249
135	8255
136	9107
137	11853
138	13376
139	12844
140	15060
141	17943
142	15171
143	11315
144	9494
145	9435
146	9877
147	11627
148	13582
149	13674
150	16224
151	18685
152	18192
153	16210
154	16244
155	16603
156	17366
157	17763
158	16278
159	13821
160	11343
161	11649
162	12904
163	14948
164	17504
165	21031
166	23966
167	24424
168	21396
169	16547
170	11910
171	9837
172	9148
173	10421
174	12555
175	15006
176	17192
177	17796
178	16350
179	13482
180	10510
181	8371
182	7241
183	6999
184	7655
185	8690
186	9619
187	10033
188	9988
189	8976
190	7483
191	6279
192	5391
193	5022
194	4889
195	5075
196	5356
197	5572
198	5736
199	5240
200	4717
201	4275
202	3691
203	3511
204	3339
205	3134
206	3187
207	3155
208	2994
209	2910
210	2693
211	2461
212	2332
213	2144
214	2045
215	1930
216	1850
217	1716
218	1678
219	1517
220	1528
221	1487
222	1347
223	1179
224	1199
225	1036
226	972
227	910
228	916
229	863
230	787
231	741
232	712
233	666
234	618
235	589
236	600
237	506
238	519
239	470
240	441
241	413
242	373
243	327
244	354
245	300
246	286
247	278
248	258
249	233
250	217
251	206
252	164
253	175
254	209
255	143
256	161
257	146
258	128
259	118
260	123
261	119
262	115
263	87
264	107
265	104
266	85
267	79
268	67
269	72
270	60
271	71
272	67
273	63
274	60
275	46
276	48
277	54
278	46
279	51
280	54
281	45
282	39
283	40
284	29
285	37
286	34
287	35
288	52
289	33
290	62
291	48
292	42
293	43
294	32
295	33
296	36
297	39
298	39
299	38
300	47
301	34
302	48
303	39
304	38
305	23
306	28
307	27
308	33
309	34
310	52
311	62
312	37
313	40
314	47
315	27
316	34
317	36
318	32
319	33
320	27
321	49
322	45
323	48
324	45
325	25
326	32
327	34
328	31
329	35
330	43
331	28
332	42
333	29
334	26
335	25
336	33
337	28
338	23
339	35
340	28
341	20
342	22
343	28
344	23
345	26
346	28
347	26
348	23
349	24
350	23
351	24
352	27
353	22
354	23
355	16
356	22
357	17
358	22
359	20
360	20
361	27
362	20
363	17
364	19
365	12
366	15
367	19
368	14
369	18
370	22
371	11
372	9
373	12
374	10
375	9
376	4
377	10
378	17
379	10
380	10
381	16
382	15
383	10
384	13
385	13
386	4
387	9
388	8
389	7
390	6
391	3
392	4
393	8
394	2
395	3
396	5
397	4
398	7
399	3
400	4
401	10
402	3
403	2
404	2
405	2
406	4
407	3
408	1
409	4
410	7
411	1
412	1
413	5
414	1
415	2
416	2
417	1
418	2
419	2
420	3
421	2
422	2
423	4
424	1
425	2
427	3
428	2
429	1
430	1
431	1
434	1
436	2
437	2
438	1
439	1
440	3
441	1
442	1
444	1
447	1
450	1
451	1
455	3
460	1
465	1
466	1
478	1
479	1
480	1
481	1
485	2
490	1
495	6
497	1
498	1
502	1
504	1
505	1
510	1
511	1
514	1
515	1
516	2
518	1
521	1
523	1
524	1
533	3
535	3
536	2
538	3
539	1
540	1
542	1
543	4
545	1
546	1
548	1
553	3
554	2
556	1
565	1
574	1
575	1
579	2
580	1
582	1
584	1
592	1
628	3
632	1
633	1
640	1
644	1
662	1
664	1
666	1
667	1
670	1
671	1
678	2
680	2
689	2
694	1
696	4
698	1
