25	3
26	65
27	112
28	407
29	690
30	1067
31	1417
32	2435
33	3127
34	2778
35	3548
36	4310
37	3866
38	5186
39	9949
40	19783
41	31542
42	44477
43	50075
44	49382
45	39631
46	26635
47	16548
48	12165
49	14881
50	25036
51	38553
52	55309
53	63140
54	61884
55	50274
56	35507
57	23376
58	15068
59	14254
60	19836
61	31212
62	46940
63	58066
64	63765
65	53376
66	38658
67	24510
68	15479
69	12961
70	14275
71	21696
72	31796
73	178
74	334
75	61700
76	70200
77	55420
78	16781
79	12580
80	11811
81	15984
82	22567
83	30399
84	37589
85	40029
86	35784
87	27806
88	19294
89	13792
90	10784
91	11826
92	15937
93	21917
94	27949
95	31580
96	30201
97	25031
98	18722
99	13544
100	10599
101	10245
102	11988
103	15567
104	20181
105	23715
106	24700
107	22302
108	17743
109	13441
110	10671
111	9113
112	9582
113	11378
114	14975
115	18220
116	19746
117	19441
118	16760
119	13590
120	11391
121	9551
122	9022
123	9753
124	11781
125	14261
126	16425
127	16965
128	15801
129	14416
130	15261
131	15679
132	13420
133	11820
134	12117
135	13422
136	15519
137	17964
138	19069
139	17690
140	18750
141	22052
142	21380
143	19449
144	19302
145	20086
146	21104
147	22218
148	21834
149	19777
150	18396
151	21278
152	24900
153	28557
154	32316
155	36166
156	38455
157	37252
158	33195
159	26544
160	21063
161	20346
162	23997
163	29070
164	36552
165	45055
166	51522
167	52464
168	46992
169	37077
170	27674
171	21863
172	21609
173	25233
174	31666
175	39197
176	45853
177	48088
178	45758
179	38779
180	30577
181	23881
182	20661
183	21549
184	24380
185	28986
186	33371
187	36801
188	36523
189	34077
190	28287
191	23884
192	20765
193	19616
194	20237
195	21895
196	24712
197	26786
198	28483
199	27650
200	23994
201	20878
202	18691
203	17594
204	17197
205	17861
206	19160
207	19738
208	20533
209	20160
210	19093
211	17565
212	15973
213	14796
214	14501
215	14345
216	14680
217	14699
218	15233
219	14817
220	14283
221	13637
222	12320
223	12122
224	11442
225	11259
226	11261
227	11114
228	11354
229	10866
230	10906
231	10244
232	9618
233	9022
234	8729
235	8695
236	8458
237	8158
238	8140
239	7665
240	7703
241	7409
242	7119
243	6913
244	6430
245	6438
246	6168
247	6180
248	5902
249	5638
250	5582
251	5262
252	5122
253	5063
254	4796
255	4897
256	4618
257	4486
258	4226
259	4129
260	4101
261	4075
262	3852
263	3609
264	3589
265	3611
266	3593
267	3524
268	3483
269	3248
270	3206
271	3150
272	2961
273	2882
274	2838
275	2843
276	2839
277	3033
278	3068
279	2961
280	2920
281	2780
282	2592
283	2379
284	2353
285	2512
286	2637
287	2879
288	3030
289	3159
290	3193
291	2993
292	2772
293	2592
294	2292
295	2354
296	2513
297	2924
298	3323
299	3653
300	3767
301	3668
302	3379
303	3122
304	2635
305	2424
306	2488
307	2894
308	3231
309	3617
310	3945
311	3959
312	3857
313	3549
314	3087
315	2750
316	2683
317	2586
318	2997
319	3249
320	3457
321	3603
322	3568
323	3417
324	3147
325	2952
326	2763
327	2726
328	2717
329	2737
330	2936
331	3075
332	3054
333	3017
334	2827
335	2715
336	2601
337	2429
338	2310
339	2436
340	2459
341	2315
342	2533
343	2321
344	2393
345	2317
346	2253
347	2146
348	2031
349	2063
350	2023
351	1958
352	1970
353	1892
354	1762
355	1807
356	1779
357	1720
358	1683
359	1621
360	1612
361	1703
362	1553
363	1386
364	1412
365	1300
366	1291
367	1352
368	1322
369	1185
370	1344
371	1195
372	1199
373	1108
374	1023
375	910
376	998
377	959
378	1031
379	946
380	976
381	954
382	865
383	828
384	743
385	732
386	720
387	655
388	714
389	674
390	670
391	618
392	658
393	609
394	558
395	516
396	518
397	465
398	462
399	505
400	447
401	451
402	453
403	460
404	403
405	368
406	394
407	375
408	324
409	351
410	338
411	326
412	332
413	292
414	333
415	306
416	260
417	263
418	234
419	251
420	216
421	213
422	232
423	189
424	193
425	207
426	186
427	188
428	162
429	162
430	145
431	173
432	124
433	176
434	136
435	170
436	145
437	126
438	127
439	116
440	130
441	123
442	120
443	116
444	112
445	126
446	89
447	113
448	110
449	105
450	108
451	91
452	98
453	98
454	87
455	87
456	89
457	85
458	64
459	74
460	82
461	75
462	82
463	91
464	71
465	89
466	86
467	68
468	74
469	79
470	57
471	77
472	60
473	70
474	66
475	66
476	70
477	62
478	54
479	59
480	50
481	60
482	44
483	45
484	49
485	54
486	48
487	53
488	34
489	51
490	41
491	45
492	42
493	41
494	41
495	49
496	40
497	38
498	46
499	42
500	38
501	39
502	29
503	28
504	36
505	40
506	41
507	23
508	26
509	29
510	31
511	27
512	23
513	24
514	26
515	28
516	28
517	29
518	35
519	28
520	25
521	26
522	23
523	24
524	17
525	26
526	17
527	17
528	23
529	15
530	22
531	16
532	13
533	13
534	16
535	21
536	10
537	18
538	15
539	25
540	15
541	6
542	8
543	5
544	17
545	12
546	9
547	10
548	10
549	10
550	7
551	10
552	10
553	6
554	8
555	6
556	4
557	9
558	11
559	12
560	13
561	6
562	6
563	8
564	7
565	4
566	3
567	6
568	4
569	5
570	7
571	4
572	3
573	9
574	4
575	5
576	2
577	4
578	6
579	4
580	6
581	3
582	4
583	3
584	4
587	2
589	6
590	1
591	1
592	3
593	4
594	1
595	2
596	3
597	2
598	1
600	4
601	2
603	1
604	2
605	2
606	1
607	2
608	1
609	2
610	1
611	1
613	4
614	1
615	2
617	1
618	3
621	1
622	1
624	2
627	1
629	2
633	1
634	2
635	3
636	2
638	2
639	3
640	1
641	1
642	1
644	2
645	1
646	1
648	1
650	1
651	3
656	1
657	1
659	1
665	1
669	1
675	1
679	1
681	1
684	1
685	1
686	1
688	2
691	1
693	1
694	1
705	1
