23	5
25	3
26	48
27	105
28	161
29	406
30	628
31	837
32	1494
33	1864
34	1653
35	2317
36	3003
37	2605
38	3272
39	6430
40	11999
41	20878
42	30192
43	32292
44	32336
45	23062
46	14579
47	8768
48	5850
49	7396
50	12070
51	18776
52	27284
53	29011
54	29783
55	23926
56	16483
57	10225
58	6042
59	5613
60	8132
61	12273
62	18174
63	23336
64	24201
65	20378
66	14071
67	8816
68	5490
69	4131
70	4670
71	6890
72	9724
73	51
74	102
75	21903
76	20153
77	15812
78	5092
79	3415
80	3143
81	3808
82	5848
83	7309
84	9185
85	9472
86	8126
87	5967
88	4164
89	2780
90	2392
91	2359
92	3243
93	4308
94	5382
95	6144
96	5595
97	4828
98	3301
99	2392
100	1923
101	1729
102	1996
103	2760
104	3372
105	3908
106	4261
107	3882
108	2611
109	2442
110	1573
111	1538
112	1616
113	1787
114	2307
115	2707
116	2971
117	3100
118	2649
119	2238
120	1893
121	1851
122	1749
123	1535
124	1987
125	2372
126	2577
127	3351
128	3511
129	3914
130	4963
131	6621
132	5933
133	3725
134	2916
135	3137
136	3988
137	7274
138	9868
139	9450
140	11299
141	16350
142	16317
143	12668
144	10143
145	9685
146	10035
147	12196
148	13652
149	13034
150	12687
151	16454
152	20228
153	22720
154	24760
155	27478
156	30470
157	31674
158	30352
159	24785
160	18674
161	17940
162	22028
163	28247
164	35709
165	45466
166	56037
167	63630
168	60612
169	46713
170	32963
171	25227
172	24221
173	28454
174	36618
175	47212
176	60117
177	65727
178	64254
179	55657
180	42865
181	34432
182	28558
183	29181
184	33128
185	38530
186	46547
187	52111
188	55754
189	52133
190	44923
191	38239
192	32818
193	31799
194	32480
195	34500
196	38520
197	42547
198	44501
199	43835
200	41148
201	37910
202	34295
203	33200
204	32659
205	33072
206	33322
207	33973
208	34940
209	35011
210	33889
211	32310
212	32155
213	30138
214	29027
215	28954
216	27720
217	27161
218	26868
219	26507
220	25483
221	24519
222	24225
223	24027
224	22977
225	22577
226	21882
227	20918
228	20054
229	19351
230	18712
231	17976
232	17457
233	17597
234	17614
235	16840
236	15898
237	15201
238	14136
239	13894
240	12828
241	12456
242	12255
243	11747
244	11846
245	11419
246	10983
247	10593
248	10029
249	9301
250	8403
251	8525
252	7923
253	7666
254	7472
255	7427
256	7392
257	6936
258	6673
259	6103
260	5839
261	5214
262	5341
263	5144
264	4704
265	4954
266	5052
267	4620
268	4416
269	4242
270	3961
271	3964
272	3768
273	3503
274	3351
275	3316
276	3352
277	3331
278	3542
279	3540
280	3455
281	3372
282	3302
283	3141
284	2985
285	2769
286	2863
287	2841
288	3409
289	3664
290	4115
291	4464
292	4439
293	4279
294	3492
295	3223
296	3071
297	3361
298	4161
299	5123
300	6188
301	7244
302	7611
303	7569
304	6273
305	5781
306	4585
307	4579
308	5086
309	6430
310	7805
311	9900
312	10822
313	11348
314	10742
315	9343
316	8044
317	7712
318	7323
319	8284
320	9895
321	11740
322	13578
323	14814
324	14761
325	13520
326	12063
327	10860
328	10258
329	10435
330	11268
331	12698
332	14150
333	15359
334	16834
335	15884
336	15691
337	14474
338	13376
339	13030
340	12566
341	13094
342	13764
343	14915
344	16035
345	16806
346	16937
347	16275
348	15735
349	15001
350	14433
351	13921
352	13637
353	13737
354	14428
355	14624
356	15870
357	15892
358	16230
359	15624
360	14610
361	14040
362	13328
363	13176
364	12890
365	13119
366	13833
367	14461
368	14665
369	14274
370	14556
371	13616
372	12685
373	12109
374	11507
375	11603
376	11636
377	11945
378	12624
379	12540
380	12632
381	12044
382	11135
383	10556
384	9952
385	10119
386	9975
387	10163
388	10017
389	10098
390	10075
391	9654
392	9469
393	8779
394	8456
395	7990
396	7802
397	7871
398	7974
399	7526
400	7781
401	7671
402	7133
403	7004
404	6461
405	6072
406	6217
407	5856
408	5891
409	5979
410	5817
411	5719
412	5188
413	5246
414	5151
415	4726
416	4155
417	4254
418	4192
419	4207
420	4082
421	4005
422	3712
423	3723
424	3537
425	3318
426	3300
427	2902
428	2861
429	2935
430	2894
431	2891
432	2745
433	2750
434	2338
435	2293
436	2205
437	2316
438	2126
439	1973
440	2074
441	2021
442	1940
443	1889
444	1743
445	1627
446	1557
447	1544
448	1441
449	1463
450	1498
451	1469
452	1361
453	1420
454	1368
455	1372
456	1359
457	1255
458	1254
459	1216
460	1219
461	1257
462	1158
463	1159
464	1260
465	1225
466	1174
467	1163
468	1078
469	1124
470	1187
471	1105
472	1259
473	1287
474	1231
475	1303
476	1290
477	1194
478	1146
479	1165
480	1300
481	1324
482	1384
483	1354
484	1356
485	1491
486	1387
487	1473
488	1318
489	1461
490	1379
491	1425
492	1419
493	1552
494	1662
495	1633
496	1687
497	1539
498	1622
499	1609
500	1565
501	1564
502	1612
503	1674
504	1818
505	1891
506	1759
507	1779
508	1776
509	1808
510	1747
511	1719
512	1820
513	1851
514	1951
515	1851
516	1979
517	2038
518	1934
519	1828
520	1826
521	1822
522	1976
523	1773
524	1960
525	2060
526	1931
527	1938
528	1992
529	1821
530	1811
531	1679
532	1893
533	1772
534	1758
535	1717
536	1816
537	1917
538	1858
539	1877
540	1725
541	1728
542	1642
543	1687
544	1664
545	1703
546	1672
547	1687
548	1648
549	1659
550	1590
551	1485
552	1522
553	1428
554	1468
555	1446
556	1474
557	1465
558	1426
559	1445
560	1391
561	1333
562	1346
563	1261
564	1238
565	1222
566	1235
567	1258
568	1205
569	1157
570	1103
571	1125
572	1063
573	987
574	990
575	1050
576	973
577	945
578	1003
579	918
580	962
581	835
582	881
583	828
584	680
585	751
586	697
587	775
588	700
589	708
590	739
591	697
592	646
593	660
594	598
595	511
596	545
597	554
598	537
599	543
600	534
601	524
602	500
603	477
604	436
605	379
606	428
607	421
608	410
609	411
610	392
611	385
612	343
613	348
614	382
615	278
616	258
617	349
618	296
619	276
620	269
621	305
622	282
623	290
624	290
625	257
626	244
627	232
628	225
629	262
630	246
631	258
632	221
633	203
634	236
635	216
636	219
637	199
638	205
639	198
640	220
641	200
642	201
643	225
644	188
645	214
646	156
647	183
648	209
649	172
650	185
651	192
652	175
653	197
654	185
655	177
656	188
657	176
658	206
659	169
660	199
661	174
662	157
663	201
664	211
665	178
666	146
667	174
668	183
669	190
670	160
671	174
672	175
673	210
674	180
675	183
676	170
677	163
678	172
679	160
680	167
681	146
682	167
683	174
684	192
685	170
686	184
687	175
688	173
689	135
690	175
691	151
692	155
693	152
694	164
695	147
696	164
697	171
698	147
699	138
700	165
701	10
702	4
703	4
705	1
708	2
710	1
718	1
