23	2
24	1
25	8
26	31
27	59
28	158
29	405
30	505
31	822
32	1206
33	1640
34	1697
35	2181
36	2787
37	2463
38	2924
39	6175
40	12448
41	20311
42	29666
43	32656
44	31629
45	24147
46	15190
47	8660
48	6247
49	7740
50	13536
51	22119
52	33553
53	36570
54	35701
55	29450
56	20188
57	12777
58	7389
59	7008
60	10218
61	17224
62	27272
63	34628
64	37191
65	32519
66	22870
67	14138
68	8568
69	6518
70	7893
71	12212
72	18057
73	147
74	198
75	34445
76	43129
77	33463
78	10225
79	7112
80	6649
81	8744
82	12800
83	17770
84	22362
85	23450
86	20854
87	15245
88	10689
89	7054
90	5278
91	6372
92	8316
93	11979
94	15983
95	18189
96	16826
97	14181
98	10217
99	7295
100	5543
101	5168
102	6453
103	8612
104	10752
105	13624
106	13854
107	12383
108	10091
109	7624
110	5755
111	4794
112	5234
113	6255
114	8162
115	10424
116	11056
117	11004
118	9999
119	7942
120	6195
121	5835
122	5416
123	5632
124	6762
125	8603
126	9748
127	10341
128	10010
129	9306
130	10546
131	11843
132	10138
133	8337
134	8237
135	8948
136	10504
137	13102
138	14124
139	13531
140	16054
141	20398
142	19764
143	17357
144	17125
145	17406
146	17605
147	19169
148	18794
149	16929
150	16685
151	20509
152	26003
153	30189
154	33717
155	37771
156	40480
157	39004
158	33124
159	25658
160	20618
161	21156
162	25925
163	33720
164	43079
165	53632
166	60981
167	60788
168	53734
169	40035
170	29188
171	23652
172	23607
173	29452
174	37997
175	47421
176	55322
177	59358
178	53689
179	44483
180	34167
181	26674
182	23530
183	24424
184	28911
185	34127
186	39715
187	43331
188	44705
189	40129
190	33124
191	27094
192	22988
193	22243
194	22884
195	25248
196	28370
197	31398
198	33074
199	31553
200	27439
201	23822
202	21190
203	18657
204	19197
205	19669
206	21457
207	22934
208	23397
209	22697
210	21562
211	19327
212	17499
213	16293
214	15302
215	15285
216	15909
217	15802
218	16768
219	16246
220	15827
221	14320
222	13058
223	12248
224	11843
225	11769
226	11251
227	11227
228	11566
229	11530
230	11013
231	10375
232	9570
233	9194
234	8786
235	8523
236	8306
237	8020
238	7821
239	7734
240	7484
241	7069
242	6833
243	6452
244	6429
245	5934
246	6154
247	5666
248	5484
249	5382
250	5240
251	5104
252	4788
253	4582
254	4491
255	4368
256	4459
257	4154
258	4003
259	3872
260	3857
261	3602
262	3377
263	3238
264	3223
265	3294
266	3325
267	3371
268	3268
269	3078
270	3043
271	2914
272	2665
273	2706
274	2760
275	2720
276	3023
277	3041
278	3167
279	3064
280	2942
281	2676
282	2680
283	2453
284	2224
285	2551
286	2782
287	3275
288	3787
289	3806
290	3703
291	3369
292	2992
293	2792
294	2623
295	2534
296	2818
297	3553
298	4073
299	4733
300	4884
301	4725
302	4308
303	3765
304	3312
305	2938
306	3075
307	3618
308	4422
309	4957
310	5380
311	5353
312	5172
313	4703
314	4344
315	3590
316	3417
317	3828
318	4105
319	4747
320	5168
321	5411
322	5247
323	4960
324	4495
325	4208
326	3822
327	3657
328	3864
329	4084
330	4617
331	4868
332	4781
333	4509
334	4209
335	3945
336	3782
337	3613
338	3670
339	3736
340	3697
341	3774
342	3614
343	3659
344	3612
345	3438
346	3398
347	3218
348	3181
349	3208
350	3069
351	2940
352	2847
353	2968
354	2856
355	2725
356	2687
357	2681
358	2630
359	2416
360	2536
361	2395
362	2314
363	2206
364	2073
365	2104
366	2027
367	1958
368	1945
369	1934
370	1957
371	1760
372	1733
373	1570
374	1582
375	1545
376	1447
377	1378
378	1378
379	1411
380	1344
381	1367
382	1229
383	1138
384	1064
385	1106
386	1067
387	1011
388	1000
389	942
390	940
391	982
392	914
393	895
394	726
395	750
396	707
397	660
398	589
399	655
400	624
401	639
402	651
403	571
404	630
405	504
406	482
407	507
408	461
409	451
410	472
411	387
412	415
413	416
414	414
415	355
416	367
417	308
418	309
419	278
420	328
421	262
422	253
423	308
424	263
425	261
426	237
427	215
428	216
429	209
430	211
431	197
432	226
433	200
434	257
435	202
436	192
437	181
438	169
439	155
440	160
441	163
442	185
443	181
444	172
445	143
446	147
447	144
448	130
449	130
450	125
451	129
452	166
453	151
454	160
455	160
456	129
457	142
458	116
459	133
460	131
461	126
462	145
463	104
464	118
465	149
466	129
467	131
468	129
469	134
470	123
471	106
472	110
473	96
474	119
475	123
476	119
477	125
478	120
479	99
480	101
481	101
482	98
483	99
484	102
485	95
486	100
487	123
488	110
489	106
490	107
491	93
492	91
493	87
494	109
495	112
496	110
497	90
498	98
499	96
500	85
501	86
502	61
503	87
504	74
505	92
506	88
507	106
508	96
509	74
510	85
511	72
512	74
513	71
514	67
515	66
516	66
517	44
518	67
519	59
520	65
521	49
522	65
523	47
524	65
525	52
526	41
527	41
528	44
529	42
530	46
531	59
532	39
533	42
534	30
535	29
536	39
537	39
538	39
539	33
540	35
541	28
542	28
543	26
544	23
545	22
546	21
547	28
548	30
549	25
550	21
551	20
552	26
553	21
554	13
555	15
556	30
557	19
558	21
559	27
560	13
561	15
562	11
563	8
564	18
565	11
566	11
567	13
568	16
569	11
570	12
571	15
572	9
573	13
574	7
575	7
576	10
577	10
578	7
579	6
580	6
581	7
582	4
583	12
584	6
586	9
587	3
588	5
589	4
590	9
591	4
592	7
593	8
594	5
595	7
596	7
597	3
598	4
599	4
600	2
601	3
602	2
603	4
604	4
605	3
606	4
608	7
609	5
610	2
611	8
612	4
613	3
614	3
615	3
617	1
618	1
619	6
620	4
621	1
622	2
623	5
624	2
625	1
626	2
627	2
629	1
630	2
631	7
632	3
633	3
634	1
635	2
636	2
637	1
638	2
639	1
640	1
641	2
642	1
644	1
645	4
646	1
647	3
649	1
650	1
651	1
654	1
655	1
656	1
657	2
658	3
659	2
660	3
661	1
664	2
665	2
667	3
668	1
669	1
671	1
673	1
678	2
679	1
682	1
683	2
685	1
686	3
687	5
688	1
689	1
690	3
691	1
692	3
693	2
697	2
698	1
