23	7
24	1
26	53
27	83
28	265
29	594
30	845
31	1214
32	2096
33	3136
34	3032
35	3999
36	4882
37	4506
38	5336
39	10091
40	19643
41	33197
42	46946
43	53581
44	51887
45	39234
46	25162
47	14354
48	9729
49	11751
50	19221
51	30434
52	45086
53	48524
54	47364
55	39446
56	27083
57	17124
58	9622
59	9298
60	12643
61	19970
62	30423
63	38922
64	41552
65	35906
66	24707
67	15122
68	9180
69	7074
70	7460
71	11215
72	17648
73	86
74	155
75	35429
76	37441
77	28885
78	9211
79	5870
80	5917
81	7263
82	9863
83	13676
84	16866
85	17647
86	14984
87	11587
88	7772
89	5330
90	4073
91	4349
92	5639
93	7658
94	9902
95	11700
96	11333
97	9081
98	6433
99	4545
100	3509
101	3234
102	3611
103	4675
104	6441
105	7552
106	7624
107	7238
108	5535
109	4186
110	3247
111	2601
112	2597
113	3115
114	4366
115	5253
116	5834
117	5867
118	5103
119	3948
120	3325
121	3060
122	2845
123	2503
124	3496
125	4198
126	4775
127	5516
128	5531
129	5476
130	6534
131	8050
132	6966
133	4782
134	4578
135	4765
136	5654
137	8970
138	12360
139	11198
140	13956
141	18774
142	17918
143	13704
144	12054
145	11010
146	12214
147	14433
148	16061
149	14882
150	14680
151	18021
152	23187
153	25203
154	27768
155	30555
156	32539
157	35152
158	32434
159	25948
160	20111
161	19650
162	23915
163	31359
164	39456
165	50926
166	61743
167	67626
168	61904
169	46795
170	33157
171	25723
172	24934
173	30085
174	39018
175	50312
176	61027
177	68109
178	64592
179	54017
180	42132
181	32447
182	28131
183	28569
184	32540
185	37758
186	45439
187	50209
188	52826
189	48451
190	41561
191	35242
192	30612
193	28342
194	29465
195	31773
196	34731
197	37323
198	39970
199	38078
200	36663
201	32492
202	29712
203	27847
204	26702
205	26886
206	28386
207	28351
208	28682
209	28336
210	27134
211	26975
212	24976
213	23588
214	23312
215	21765
216	21293
217	21265
218	20260
219	20449
220	19620
221	18544
222	18250
223	17353
224	17499
225	16621
226	16248
227	15103
228	14345
229	14028
230	13384
231	13045
232	12417
233	12240
234	11913
235	11850
236	10868
237	10318
238	9742
239	9083
240	8450
241	8101
242	7955
243	7954
244	7563
245	7509
246	7152
247	6602
248	6022
249	5784
250	5418
251	5070
252	5015
253	4779
254	4898
255	4862
256	4493
257	4328
258	3891
259	3892
260	3381
261	3199
262	2958
263	3091
264	2830
265	3009
266	2803
267	2875
268	2686
269	2385
270	2317
271	2125
272	2007
273	1891
274	1958
275	1902
276	1972
277	1939
278	1831
279	1716
280	1689
281	1700
282	1464
283	1352
284	1338
285	1379
286	1461
287	1465
288	1566
289	1613
290	1723
291	1689
292	1561
293	1455
294	1321
295	1238
296	1236
297	1429
298	1498
299	1751
300	1974
301	2067
302	2079
303	1948
304	1705
305	1492
306	1331
307	1429
308	1639
309	1871
310	2182
311	2444
312	2619
313	2558
314	2304
315	1965
316	1644
317	1675
318	1855
319	2011
320	2389
321	2491
322	2759
323	2913
324	2681
325	2533
326	2196
327	1971
328	1923
329	2160
330	2277
331	2369
332	2651
333	2588
334	2704
335	2677
336	2478
337	2252
338	2222
339	2110
340	2240
341	2178
342	2317
343	2368
344	2372
345	2347
346	2319
347	2366
348	2198
349	2143
350	1967
351	2072
352	1936
353	1845
354	1937
355	1901
356	1951
357	1981
358	1959
359	1856
360	1892
361	1758
362	1707
363	1527
364	1472
365	1460
366	1572
367	1496
368	1520
369	1571
370	1589
371	1304
372	1359
373	1278
374	1175
375	1173
376	1113
377	1108
378	1129
379	1239
380	1178
381	1214
382	1041
383	938
384	908
385	869
386	880
387	865
388	860
389	846
390	782
391	808
392	675
393	716
394	667
395	549
396	622
397	538
398	525
399	510
400	603
401	584
402	530
403	508
404	486
405	407
406	382
407	391
408	398
409	349
410	372
411	343
412	356
413	327
414	310
415	295
416	269
417	283
418	289
419	256
420	244
421	197
422	229
423	218
424	181
425	181
426	174
427	173
428	168
429	158
430	139
431	159
432	131
433	152
434	133
435	132
436	130
437	131
438	99
439	75
440	91
441	110
442	81
443	79
444	84
445	94
446	87
447	70
448	70
449	74
450	60
451	73
452	80
453	66
454	58
455	47
456	50
457	58
458	49
459	50
460	46
461	40
462	41
463	35
464	40
465	44
466	43
467	41
468	37
469	43
470	39
471	40
472	35
473	44
474	33
475	40
476	39
477	40
478	32
479	34
480	41
481	36
482	34
483	23
484	39
485	37
486	40
487	31
488	32
489	24
490	22
491	34
492	24
493	30
494	27
495	30
496	28
497	24
498	27
499	26
500	32
501	21
502	25
503	24
504	36
505	19
506	22
507	25
508	20
509	22
510	33
511	26
512	25
513	21
514	19
515	15
516	20
517	24
518	27
519	16
520	26
521	15
522	32
523	13
524	27
525	23
526	25
527	19
528	25
529	24
530	12
531	16
532	12
533	16
534	18
535	12
536	16
537	9
538	12
539	10
540	13
541	15
542	15
543	9
544	9
545	9
546	15
547	12
548	11
549	4
550	11
551	9
552	14
553	13
554	8
555	10
556	9
557	13
558	7
559	9
560	11
561	12
562	3
563	7
564	5
565	6
566	4
567	6
568	13
569	8
570	1
571	6
572	6
573	4
574	9
575	4
576	2
577	3
578	8
579	7
580	4
581	3
582	1
583	3
584	1
585	4
586	3
587	2
588	6
589	1
590	3
592	2
593	3
594	3
596	3
597	2
598	1
599	3
600	1
601	5
603	1
604	1
605	3
606	2
607	1
608	2
609	1
610	1
611	1
614	1
615	1
616	2
617	5
618	4
619	1
620	1
622	1
623	1
624	1
626	3
629	1
634	1
637	3
638	1
642	3
644	2
645	5
649	1
650	1
654	2
656	1
661	1
669	6
672	1
694	1
695	2
700	1
