26	21
27	31
28	94
29	204
30	396
31	539
32	897
33	1042
34	1051
35	1458
36	1671
37	1441
38	1785
39	3668
40	7492
41	12594
42	18374
43	20266
44	19814
45	15295
46	10089
47	5457
48	3491
49	4791
50	8102
51	13760
52	19237
53	22097
54	21204
55	17736
56	11681
57	7624
58	4146
59	4225
60	5859
61	9666
62	15457
63	20243
64	21672
65	17845
66	12649
67	7550
68	4391
69	3596
70	4417
71	6562
72	10603
73	76
74	148
75	19892
76	23026
77	18031
78	5430
79	3622
80	3560
81	4866
82	7004
83	9267
84	11599
85	12394
86	10595
87	7938
88	5274
89	3681
90	3162
91	3413
92	4431
93	6403
94	8412
95	9716
96	9234
97	7345
98	5268
99	3702
100	2761
101	2713
102	3268
103	4671
104	5894
105	6929
106	6986
107	6319
108	5136
109	3676
110	3015
111	2646
112	2654
113	3225
114	4548
115	5374
116	5791
117	5567
118	4746
119	4141
120	3421
121	3364
122	3160
123	3136
124	3765
125	4483
126	5139
127	5618
128	5463
129	5241
130	6534
131	7501
132	6337
133	4820
134	4654
135	5118
136	6242
137	7885
138	8605
139	7796
140	9869
141	12776
142	12588
143	10885
144	10325
145	10366
146	10382
147	11459
148	11439
149	10150
150	10024
151	12631
152	15901
153	18171
154	21215
155	23225
156	24698
157	24597
158	20841
159	16089
160	12486
161	12625
162	16021
163	20884
164	26612
165	33089
166	38861
167	39686
168	34083
169	25550
170	18727
171	15154
172	14739
173	19238
174	24014
175	30384
176	36650
177	38225
178	35508
179	28882
180	22709
181	17828
182	15658
183	16349
184	19218
185	22758
186	26968
187	30125
188	29762
189	26619
190	22469
191	18338
192	15743
193	15189
194	15868
195	18281
196	20304
197	22714
198	23064
199	21761
200	19261
201	16771
202	14763
203	14410
204	14422
205	14984
206	16227
207	16930
208	17616
209	16578
210	15583
211	14251
212	13465
213	12426
214	12292
215	12337
216	12203
217	12813
218	13198
219	12726
220	12228
221	11216
222	10620
223	10071
224	9867
225	9742
226	9656
227	9626
228	9555
229	9593
230	9140
231	8913
232	7942
233	7706
234	7696
235	7473
236	7312
237	7297
238	7087
239	7134
240	6563
241	6372
242	6145
243	6142
244	5746
245	5644
246	5758
247	5441
248	5532
249	5202
250	4978
251	4559
252	4447
253	4412
254	4482
255	4398
256	4385
257	4295
258	4194
259	4237
260	3755
261	3527
262	3503
263	3304
264	3367
265	3450
266	3554
267	3692
268	3458
269	3289
270	3222
271	3266
272	2909
273	2789
274	2991
275	3001
276	3126
277	3329
278	3543
279	3546
280	3614
281	3290
282	3126
283	2702
284	2797
285	2921
286	3458
287	3590
288	4023
289	4476
290	4764
291	4331
292	3956
293	3619
294	3055
295	3320
296	3409
297	3833
298	4823
299	5631
300	5972
301	6051
302	5657
303	5095
304	4279
305	4056
306	3839
307	4546
308	5430
309	6332
310	6753
311	6995
312	7443
313	6525
314	5809
315	5115
316	4951
317	4906
318	5409
319	6041
320	6535
321	7122
322	7538
323	7304
324	6996
325	6353
326	5569
327	5510
328	5519
329	5611
330	6265
331	6625
332	6619
333	6626
334	6504
335	6220
336	5837
337	5658
338	5577
339	5358
340	5238
341	5666
342	5457
343	5452
344	5589
345	5773
346	5460
347	5363
348	5006
349	4878
350	4664
351	4875
352	4725
353	4612
354	4368
355	4382
356	4415
357	4525
358	4485
359	4285
360	4168
361	3954
362	3697
363	3736
364	3420
365	3521
366	3402
367	3486
368	3471
369	3502
370	3363
371	3194
372	3148
373	2975
374	2810
375	2589
376	2726
377	2676
378	2677
379	2686
380	2565
381	2525
382	2368
383	2363
384	2190
385	1970
386	1983
387	1970
388	2022
389	1883
390	1941
391	1940
392	1946
393	1840
394	1653
395	1536
396	1488
397	1484
398	1355
399	1433
400	1475
401	1518
402	1382
403	1366
404	1208
405	1086
406	1139
407	1095
408	1078
409	1027
410	1095
411	1087
412	981
413	1034
414	951
415	881
416	888
417	834
418	865
419	793
420	720
421	809
422	725
423	814
424	766
425	682
426	640
427	683
428	567
429	643
430	630
431	618
432	610
433	583
434	619
435	614
436	595
437	502
438	436
439	466
440	416
441	479
442	454
443	486
444	495
445	430
446	525
447	458
448	394
449	420
450	416
451	414
452	467
453	426
454	441
455	500
456	410
457	406
458	420
459	428
460	360
461	365
462	367
463	455
464	402
465	456
466	417
467	407
468	397
469	371
470	381
471	458
472	381
473	387
474	418
475	439
476	432
477	387
478	423
479	331
480	389
481	375
482	375
483	366
484	411
485	387
486	410
487	354
488	360
489	358
490	339
491	324
492	347
493	350
494	372
495	345
496	330
497	337
498	329
499	350
500	333
501	358
502	314
503	318
504	343
505	335
506	334
507	333
508	304
509	311
510	272
511	276
512	239
513	262
514	279
515	259
516	280
517	281
518	262
519	221
520	249
521	224
522	209
523	235
524	235
525	216
526	217
527	229
528	228
529	208
530	195
531	204
532	191
533	184
534	165
535	180
536	167
537	177
538	186
539	174
540	185
541	153
542	171
543	150
544	133
545	143
546	162
547	125
548	118
549	125
550	125
551	96
552	114
553	113
554	103
555	91
556	124
557	101
558	113
559	98
560	87
561	100
562	79
563	65
564	83
565	84
566	60
567	80
568	74
569	64
570	82
571	67
572	60
573	53
574	74
575	51
576	43
577	56
578	50
579	58
580	46
581	59
582	53
583	46
584	37
585	51
586	43
587	42
588	24
589	46
590	54
591	46
592	46
593	29
594	28
595	31
596	28
597	39
598	34
599	30
600	26
601	23
602	23
603	19
604	17
605	22
606	35
607	27
608	28
609	29
610	16
611	26
612	18
613	24
614	24
615	14
616	16
617	31
618	20
619	21
620	27
621	15
622	19
623	13
624	25
625	11
626	11
627	14
628	17
629	13
630	21
631	24
632	18
633	15
634	15
635	15
636	13
637	15
638	11
639	16
640	8
641	12
642	10
643	12
644	18
645	20
646	11
647	16
648	9
649	9
650	17
651	16
652	8
653	10
654	8
655	7
656	9
657	3
658	15
659	10
660	7
661	6
662	8
663	11
664	6
665	5
666	11
667	5
668	4
669	7
670	3
671	7
672	4
673	2
674	4
675	12
676	8
677	7
678	4
679	4
680	4
681	10
682	11
683	6
684	5
685	6
686	2
687	4
688	4
689	2
690	6
691	4
692	4
693	4
694	8
695	5
696	2
697	5
698	6
699	4
700	3
701	1
