25	1
26	51
27	84
28	294
29	730
30	1407
31	2057
32	3573
33	4207
34	3928
35	4386
36	4417
37	3437
38	3936
39	8186
40	17636
41	31227
42	45497
43	51535
44	49655
45	35484
46	23496
47	13282
48	8409
49	10594
50	19986
51	33695
52	51220
53	54818
54	53591
55	43788
56	30921
57	21230
58	11021
59	11145
60	16018
61	26941
62	43317
63	59016
64	64469
65	56376
66	39885
67	24711
68	15189
69	11608
70	13692
71	21373
72	34073
73	251
74	463
75	66997
76	79092
77	62043
78	19997
79	13663
80	12156
81	17177
82	25467
83	35261
84	44713
85	48281
86	41389
87	33570
88	22449
89	15718
90	11570
91	13342
92	17751
93	25973
94	34981
95	39776
96	37928
97	31833
98	23504
99	17060
100	12454
101	11792
102	14802
103	20229
104	27320
105	32708
106	33128
107	30821
108	23931
109	17683
110	13608
111	11257
112	12668
113	15525
114	21013
115	27024
116	28843
117	28372
118	24466
119	19279
120	15038
121	12571
122	11505
123	14063
124	17602
125	22466
126	25713
127	26804
128	24885
129	19707
130	17370
131	15776
132	14200
133	14227
134	16472
135	20357
136	24952
137	27217
138	26519
139	22836
140	21150
141	20602
142	20235
143	19034
144	20950
145	23754
146	26861
147	29512
148	28124
149	26582
150	23191
151	23812
152	25595
153	28651
154	33509
155	38855
156	44299
157	45704
158	41305
159	34833
160	28917
161	26488
162	28929
163	34643
164	44254
165	55104
166	64917
167	70343
168	63400
169	52364
170	39511
171	31074
172	30197
173	33428
174	42692
175	53625
176	66215
177	74563
178	70516
179	60350
180	48376
181	39033
182	33280
183	32967
184	36518
185	44838
186	54088
187	60432
188	63368
189	59845
190	51751
191	42726
192	37541
193	33427
194	34779
195	38100
196	42788
197	50808
198	54473
199	52800
200	49371
201	42246
202	38198
203	35132
204	34099
205	34727
206	39291
207	41638
208	45302
209	45423
210	42529
211	39678
212	35638
213	32980
214	32057
215	31616
216	32806
217	33678
218	36707
219	36360
220	35432
221	34324
222	31863
223	29469
224	28590
225	28334
226	27471
227	27562
228	29047
229	29766
230	29657
231	28756
232	26751
233	24907
234	24188
235	23726
236	22742
237	23257
238	23148
239	24077
240	23063
241	23189
242	22192
243	20833
244	20520
245	19754
246	18727
247	18272
248	18446
249	18416
250	18564
251	18205
252	17910
253	17242
254	16429
255	16256
256	15559
257	15377
258	15189
259	14947
260	14959
261	14506
262	14625
263	14120
264	13677
265	12894
266	12632
267	12397
268	12398
269	12302
270	12241
271	12037
272	11477
273	11907
274	11486
275	10605
276	10859
277	10682
278	10663
279	10689
280	10719
281	11142
282	10498
283	9672
284	9871
285	9536
286	9679
287	9983
288	10330
289	10354
290	10486
291	10446
292	9881
293	9647
294	9576
295	9165
296	9247
297	9268
298	10247
299	10768
300	10977
301	11227
302	11012
303	10155
304	9838
305	9449
306	8905
307	9291
308	9444
309	10137
310	10677
311	11428
312	11497
313	11536
314	11120
315	10483
316	9909
317	9952
318	10125
319	10294
320	10292
321	11280
322	11371
323	11746
324	11697
325	11186
326	10885
327	10192
328	10026
329	10290
330	10132
331	10594
332	10881
333	11189
334	11326
335	11023
336	10934
337	10687
338	10446
339	9871
340	9768
341	9481
342	9713
343	9955
344	9699
345	10104
346	10109
347	9729
348	9769
349	9508
350	9047
351	9174
352	8543
353	8382
354	8339
355	8434
356	8803
357	8926
358	8610
359	8505
360	8654
361	7867
362	7753
363	7246
364	7387
365	7007
366	7329
367	7552
368	7464
369	7318
370	7146
371	6988
372	6579
373	6618
374	6099
375	5743
376	5748
377	6020
378	6139
379	6216
380	6001
381	5872
382	5672
383	5204
384	5017
385	4717
386	4689
387	4767
388	4774
389	4811
390	4821
391	4811
392	4351
393	4481
394	4217
395	3874
396	3807
397	3821
398	3624
399	3850
400	3850
401	3774
402	3651
403	3501
404	3245
405	3190
406	2933
407	2969
408	2893
409	2993
410	3023
411	3067
412	2980
413	2756
414	2655
415	2498
416	2473
417	2103
418	2327
419	2363
420	2199
421	2369
422	2240
423	2340
424	2145
425	2031
426	1921
427	1905
428	1925
429	1882
430	1806
431	1914
432	1932
433	1932
434	1871
435	1650
436	1634
437	1608
438	1396
439	1397
440	1450
441	1625
442	1567
443	1531
444	1602
445	1450
446	1324
447	1309
448	1284
449	1328
450	1146
451	1171
452	1268
453	1376
454	1148
455	1164
456	1246
457	1066
458	1076
459	1047
460	1080
461	1004
462	1054
463	1109
464	1066
465	1085
466	1037
467	957
468	991
469	972
470	920
471	957
472	1060
473	960
474	968
475	980
476	897
477	970
478	772
479	806
480	820
481	834
482	790
483	914
484	811
485	951
486	863
487	938
488	825
489	758
490	729
491	671
492	758
493	682
494	776
495	804
496	751
497	718
498	677
499	729
500	672
501	653
502	648
503	577
504	615
505	707
506	672
507	612
508	628
509	584
510	562
511	606
512	518
513	578
514	520
515	576
516	586
517	589
518	562
519	532
520	501
521	523
522	497
523	419
524	456
525	533
526	469
527	465
528	432
529	427
530	446
531	408
532	399
533	404
534	407
535	353
536	389
537	358
538	381
539	422
540	383
541	383
542	325
543	350
544	345
545	308
546	277
547	316
548	271
549	262
550	271
551	264
552	250
553	238
554	281
555	248
556	212
557	245
558	236
559	278
560	218
561	240
562	228
563	206
564	211
565	219
566	198
567	193
568	187
569	181
570	219
571	186
572	180
573	171
574	141
575	164
576	149
577	141
578	127
579	120
580	144
581	137
582	139
583	116
584	108
585	116
586	129
587	112
588	113
589	112
590	123
591	116
592	114
593	94
594	81
595	95
596	110
597	86
598	109
599	82
600	93
601	99
602	75
603	100
604	78
605	79
606	54
607	55
608	78
609	59
610	72
611	71
612	69
613	56
614	62
615	57
616	55
617	48
618	49
619	53
620	47
621	71
622	48
623	50
624	54
625	49
626	46
627	46
628	47
629	45
630	43
631	46
632	46
633	36
634	50
635	34
636	28
637	45
638	45
639	46
640	29
641	32
642	32
643	40
644	28
645	24
646	49
647	40
648	30
649	18
650	24
651	24
652	29
653	22
654	35
655	34
656	21
657	29
658	29
659	31
660	28
661	21
662	20
663	14
664	30
665	18
666	20
667	20
668	23
669	18
670	15
671	19
672	20
673	10
674	17
675	20
676	12
677	12
678	18
679	14
680	14
681	12
682	22
683	13
684	12
685	20
686	15
687	18
688	17
689	14
690	17
691	10
692	5
693	10
694	11
695	16
696	6
697	5
698	6
699	10
700	18
707	1
