23	1
24	4
25	9
26	60
27	114
28	470
29	1355
30	2284
31	3658
32	6431
33	7772
34	7506
35	7765
36	7850
37	5622
38	5882
39	11714
40	23431
41	40498
42	57101
43	65200
44	62957
45	49187
46	32744
47	18393
48	11817
49	13859
50	23594
51	39095
52	56636
53	63813
54	63132
55	53387
56	38482
57	25823
58	14371
59	12692
60	16688
61	28140
62	44612
63	58615
64	65783
65	58411
66	42530
67	27444
68	16936
69	12185
70	12945
71	19972
72	30309
73	251
74	400
75	64729
76	74548
77	58215
78	20825
79	13612
80	11716
81	15005
82	21308
83	29484
84	38059
85	41300
86	38541
87	30905
88	21582
89	14738
90	11185
91	10695
92	14188
93	20459
94	26917
95	32640
96	32704
97	27715
98	20929
99	14910
100	11033
101	9345
102	10788
103	14377
104	19263
105	23919
106	25174
107	24902
108	20472
109	14936
110	11104
111	9190
112	8858
113	10745
114	14296
115	18099
116	20497
117	20865
118	19507
119	15564
120	12982
121	10704
122	9197
123	9909
124	11940
125	14760
126	17183
127	19050
128	17877
129	16788
130	16214
131	16373
132	14353
133	12903
134	13300
135	15133
136	17362
137	19820
138	21197
139	19024
140	18784
141	20341
142	20250
143	19623
144	20116
145	20853
146	22671
147	23413
148	23846
149	20980
150	19764
151	20415
152	23232
153	25921
154	30176
155	34552
156	37139
157	37716
158	34596
159	28721
160	23636
161	21747
162	23118
163	27637
164	34620
165	43478
166	52088
167	55743
168	52417
169	42780
170	32863
171	26051
172	23650
173	26445
174	33211
175	42341
176	49836
177	55661
178	53475
179	47702
180	38874
181	31291
182	27030
183	26807
184	29389
185	35450
186	40740
187	45979
188	48691
189	45915
190	39783
191	33634
192	29579
193	27990
194	28462
195	31444
196	35732
197	39466
198	42358
199	41272
200	37977
201	33733
202	30537
203	28945
204	28587
205	29734
206	31856
207	34517
208	35729
209	35736
210	33576
211	31438
212	29623
213	27815
214	26910
215	26901
216	27797
217	28527
218	29952
219	30311
220	29604
221	28161
222	25728
223	24626
224	23758
225	23736
226	23818
227	24873
228	24902
229	24982
230	24545
231	23467
232	22908
233	21296
234	20583
235	21094
236	20448
237	20215
238	20288
239	20298
240	19954
241	19257
242	19204
243	17975
244	17289
245	17141
246	17481
247	16893
248	16626
249	17173
250	16527
251	15766
252	15640
253	15004
254	14536
255	14157
256	14127
257	13832
258	13859
259	14033
260	13661
261	13236
262	12746
263	12258
264	11955
265	11443
266	11560
267	11478
268	11765
269	11536
270	11036
271	10839
272	10508
273	9911
274	9906
275	9837
276	9847
277	10091
278	9981
279	10230
280	9987
281	9781
282	9525
283	8968
284	8742
285	8624
286	8674
287	8949
288	9067
289	9183
290	9477
291	9228
292	8881
293	8517
294	8205
295	8009
296	7888
297	8112
298	8670
299	8993
300	9500
301	9571
302	9185
303	9251
304	8419
305	7894
306	7837
307	8024
308	7952
309	8211
310	8699
311	8954
312	8775
313	8809
314	8480
315	8236
316	7889
317	7687
318	7483
319	7772
320	8102
321	7963
322	8272
323	8314
324	8090
325	7858
326	7822
327	7523
328	7557
329	7257
330	7176
331	7211
332	7295
333	7255
334	7293
335	7214
336	7281
337	7271
338	6898
339	6714
340	6680
341	6354
342	6399
343	6056
344	6231
345	6255
346	6408
347	6286
348	6124
349	6160
350	5851
351	5818
352	5574
353	5367
354	5276
355	5187
356	5234
357	5430
358	5396
359	5400
360	5163
361	4998
362	5017
363	4688
364	4340
365	4338
366	4321
367	4471
368	4545
369	4449
370	4435
371	4270
372	4102
373	3913
374	3667
375	3498
376	3603
377	3600
378	3610
379	3700
380	3635
381	3577
382	3553
383	3272
384	3197
385	3036
386	2919
387	2870
388	2872
389	2901
390	2876
391	2950
392	2845
393	2770
394	2579
395	2499
396	2423
397	2397
398	2294
399	2439
400	2395
401	2344
402	2452
403	2224
404	2162
405	2043
406	1929
407	1860
408	1851
409	1790
410	1907
411	1875
412	2002
413	1732
414	1728
415	1674
416	1494
417	1501
418	1456
419	1441
420	1476
421	1490
422	1456
423	1469
424	1389
425	1338
426	1274
427	1304
428	1251
429	1183
430	1193
431	1243
432	1268
433	1169
434	1219
435	1131
436	1141
437	1019
438	1017
439	967
440	991
441	954
442	1031
443	970
444	1044
445	967
446	955
447	920
448	819
449	833
450	800
451	795
452	795
453	870
454	802
455	822
456	852
457	705
458	746
459	690
460	720
461	669
462	655
463	684
464	717
465	656
466	704
467	643
468	632
469	629
470	536
471	666
472	608
473	606
474	605
475	627
476	595
477	582
478	493
479	516
480	518
481	504
482	461
483	484
484	534
485	514
486	482
487	474
488	432
489	437
490	451
491	436
492	441
493	423
494	447
495	415
496	392
497	403
498	427
499	352
500	339
501	339
502	377
503	354
504	317
505	365
506	345
507	349
508	354
509	333
510	296
511	284
512	270
513	270
514	261
515	312
516	307
517	278
518	287
519	272
520	271
521	285
522	223
523	239
524	239
525	223
526	283
527	258
528	236
529	229
530	213
531	230
532	189
533	203
534	184
535	196
536	191
537	193
538	180
539	183
540	180
541	187
542	184
543	157
544	148
545	172
546	148
547	136
548	154
549	141
550	155
551	159
552	140
553	130
554	128
555	121
556	115
557	114
558	119
559	118
560	115
561	113
562	104
563	106
564	98
565	108
566	98
567	99
568	78
569	91
570	88
571	73
572	83
573	79
574	85
575	75
576	68
577	78
578	73
579	63
580	68
581	82
582	51
583	75
584	63
585	80
586	55
587	53
588	48
589	74
590	49
591	56
592	43
593	59
594	46
595	48
596	46
597	41
598	36
599	41
600	43
601	41
602	44
603	41
604	38
605	40
606	38
607	25
608	41
609	26
610	39
611	41
612	25
613	30
614	38
615	42
616	33
617	27
618	28
619	24
620	26
621	27
622	21
623	29
624	28
625	29
626	21
627	32
628	21
629	27
630	16
631	24
632	27
633	19
634	20
635	18
636	21
637	19
638	21
639	14
640	16
641	15
642	23
643	17
644	16
645	14
646	21
647	18
648	15
649	4
650	14
651	11
652	17
653	12
654	7
655	18
656	9
657	13
658	8
659	11
660	8
661	12
662	12
663	15
664	13
665	8
666	11
667	9
668	8
669	7
670	9
671	9
672	9
673	8
674	11
675	6
676	8
677	9
678	6
679	7
680	4
681	9
682	5
683	11
684	8
685	6
686	12
687	3
688	5
689	8
690	3
691	5
692	11
693	8
694	3
695	1
696	6
697	7
698	2
699	5
700	4
