23	1
24	1
25	1
26	36
27	55
28	117
29	234
30	361
31	498
32	893
33	1115
34	1178
35	1702
36	2130
37	2067
38	2465
39	4691
40	8908
41	14447
42	20467
43	23156
44	23542
45	15728
46	9831
47	6322
48	4265
49	4745
50	9049
51	14070
52	20675
53	23160
54	23396
55	19632
56	13448
57	8186
58	5271
59	4937
60	6741
61	10478
62	15706
63	19442
64	21537
65	18879
66	13366
67	8277
68	5139
69	4126
70	4611
71	6707
72	9668
73	56
74	83
75	17103
76	20024
77	15957
78	5242
79	3734
80	3301
81	4263
82	6043
83	8309
84	10142
85	10469
86	9293
87	7105
88	4685
89	3346
90	2702
91	2811
92	3500
93	5014
94	6497
95	7359
96	6929
97	5650
98	4377
99	3017
100	2374
101	2298
102	2507
103	3347
104	4508
105	4954
106	5289
107	5003
108	3760
109	2713
110	2196
111	2002
112	2012
113	2333
114	3135
115	3776
116	4096
117	4185
118	3543
119	2983
120	2600
121	2385
122	2090
123	2166
124	2523
125	3304
126	3444
127	4064
128	4277
129	4465
130	5889
131	8007
132	6310
133	4202
134	3563
135	3787
136	4617
137	8017
138	11340
139	10317
140	13186
141	18641
142	17807
143	13449
144	11345
145	10765
146	11282
147	13494
148	15489
149	14091
150	14735
151	18688
152	22945
153	25642
154	27882
155	30871
156	33455
157	34627
158	33201
159	25899
160	20779
161	20674
162	25253
163	32284
164	40454
165	52172
166	63619
167	70926
168	65893
169	50447
170	35721
171	27944
172	26788
173	32743
174	42122
175	54763
176	68667
177	75072
178	72481
179	61566
180	47794
181	36705
182	31863
183	33205
184	37416
185	45255
186	53828
187	60339
188	63272
189	59137
190	50979
191	43053
192	37638
193	35493
194	36953
195	40573
196	44048
197	48301
198	51648
199	50951
200	47437
201	43416
202	39241
203	38097
204	37002
205	37362
206	38162
207	39554
208	41368
209	40564
210	40021
211	37839
212	36059
213	34564
214	33510
215	32747
216	32421
217	32124
218	32110
219	31751
220	30399
221	29991
222	29230
223	28222
224	27669
225	26999
226	25848
227	24980
228	23927
229	23398
230	22684
231	21893
232	21621
233	21189
234	20639
235	20216
236	19155
237	18568
238	17475
239	16737
240	16150
241	15584
242	14912
243	14736
244	14275
245	14347
246	13849
247	13007
248	12378
249	11422
250	11142
251	10302
252	10153
253	9662
254	9812
255	9620
256	9346
257	8922
258	8451
259	8013
260	7260
261	7036
262	6680
263	6671
264	6604
265	6379
266	6367
267	5990
268	5857
269	5450
270	5163
271	4911
272	4741
273	4679
274	4457
275	4455
276	4368
277	4301
278	4468
279	4324
280	4342
281	4202
282	4093
283	3908
284	3546
285	3487
286	3544
287	3736
288	3974
289	4602
290	4805
291	5033
292	5128
293	4764
294	4245
295	4047
296	3900
297	4120
298	4824
299	5777
300	6916
301	7871
302	7978
303	7974
304	6862
305	5785
306	5135
307	5230
308	5986
309	7114
310	8872
311	10423
312	11409
313	11688
314	11111
315	9618
316	8357
317	7915
318	8017
319	9138
320	10950
321	12863
322	14525
323	15363
324	14813
325	14388
326	12453
327	11487
328	11085
329	11347
330	12565
331	14057
332	15455
333	16732
334	17506
335	17016
336	16259
337	15257
338	14502
339	13659
340	13882
341	14759
342	15616
343	16332
344	17139
345	17936
346	18102
347	17473
348	16834
349	16507
350	15591
351	15329
352	14933
353	15812
354	16248
355	16723
356	17620
357	17872
358	17646
359	16991
360	16559
361	15672
362	15177
363	14839
364	14875
365	15290
366	15742
367	16199
368	16568
369	16525
370	16033
371	15300
372	14546
373	14066
374	13263
375	13104
376	13333
377	14060
378	14378
379	14223
380	14370
381	13908
382	13189
383	12377
384	11691
385	11502
386	11346
387	11399
388	11790
389	12162
390	11810
391	11731
392	10942
393	10337
394	9895
395	9298
396	9366
397	9498
398	9199
399	9401
400	9246
401	9098
402	8802
403	8337
404	8107
405	7564
406	7298
407	7183
408	7042
409	7250
410	7023
411	6984
412	6512
413	6310
414	5900
415	5736
416	5515
417	5472
418	5176
419	5189
420	5012
421	4914
422	4877
423	4673
424	4428
425	4079
426	4021
427	3778
428	3656
429	3682
430	3590
431	3368
432	3455
433	3264
434	3132
435	2918
436	2805
437	2622
438	2496
439	2607
440	2465
441	2392
442	2447
443	2279
444	2275
445	2067
446	2083
447	1869
448	1837
449	1829
450	1818
451	1811
452	1801
453	1768
454	1782
455	1642
456	1517
457	1511
458	1460
459	1493
460	1483
461	1469
462	1526
463	1475
464	1436
465	1391
466	1375
467	1306
468	1372
469	1297
470	1259
471	1406
472	1390
473	1442
474	1379
475	1397
476	1438
477	1370
478	1320
479	1365
480	1346
481	1312
482	1367
483	1474
484	1405
485	1534
486	1574
487	1477
488	1465
489	1448
490	1491
491	1513
492	1539
493	1553
494	1682
495	1750
496	1701
497	1662
498	1737
499	1707
500	1586
501	1618
502	1641
503	1760
504	1775
505	1833
506	1942
507	1951
508	1886
509	1787
510	1815
511	1762
512	1794
513	1812
514	1882
515	1983
516	1958
517	1959
518	1985
519	1964
520	1812
521	1867
522	1844
523	1923
524	1931
525	2001
526	1975
527	1975
528	1998
529	1977
530	1880
531	1930
532	1879
533	1869
534	1904
535	1937
536	1956
537	2032
538	1883
539	1885
540	1910
541	1835
542	1749
543	1749
544	1776
545	1737
546	1762
547	1781
548	1841
549	1761
550	1718
551	1633
552	1675
553	1514
554	1560
555	1502
556	1521
557	1514
558	1478
559	1495
560	1498
561	1511
562	1368
563	1407
564	1348
565	1297
566	1284
567	1310
568	1299
569	1282
570	1293
571	1190
572	1221
573	1135
574	1098
575	1099
576	983
577	1107
578	1020
579	1048
580	952
581	940
582	937
583	842
584	843
585	795
586	794
587	794
588	792
589	777
590	820
591	761
592	706
593	672
594	692
595	636
596	629
597	591
598	582
599	599
600	616
601	555
602	525
603	543
604	531
605	486
606	449
607	484
608	448
609	428
610	423
611	436
612	371
613	454
614	405
615	395
616	336
617	348
618	339
619	319
620	304
621	296
622	297
623	307
624	274
625	292
626	271
627	266
628	228
629	243
630	253
631	253
632	230
633	258
634	242
635	228
636	236
637	224
638	245
639	198
640	214
641	187
642	186
643	225
644	187
645	193
646	223
647	182
648	177
649	191
650	152
651	202
652	180
653	208
654	208
655	189
656	206
657	185
658	176
659	147
660	182
661	167
662	171
663	178
664	162
665	165
666	174
667	181
668	154
669	138
670	142
671	156
672	189
673	170
674	146
675	172
676	167
677	153
678	159
679	149
680	133
681	133
682	132
683	154
684	166
685	156
686	155
687	138
688	145
689	153
690	145
691	122
692	124
693	155
694	155
695	122
696	133
697	145
698	134
699	139
700	125
701	3
702	3
703	2
704	1
705	1
706	1
708	1
710	2
716	1
722	2
727	1
