26	93
27	109
28	391
29	1012
30	1864
31	2955
32	5016
33	6595
34	6585
35	6908
36	7191
37	5576
38	5735
39	9964
40	17075
41	28961
42	41075
43	46605
44	45569
45	35327
46	24514
47	15434
48	10486
49	11974
50	18507
51	28564
52	40669
53	44420
54	46015
55	39554
56	28567
57	18836
58	11885
59	10576
60	13420
61	20597
62	29365
63	37808
64	41550
65	37131
66	26604
67	17594
68	11488
69	8782
70	9294
71	12691
72	18102
73	88
74	218
75	42680
76	40268
77	32196
78	11633
79	8173
80	7044
81	8476
82	11276
83	15155
84	18571
85	19639
86	17945
87	14051
88	10267
89	7399
90	5564
91	5794
92	6926
93	9247
94	11646
95	13397
96	13299
97	11384
98	9012
99	6483
100	4904
101	4390
102	4882
103	6043
104	7643
105	9176
106	9352
107	9063
108	7595
109	5522
110	4515
111	3701
112	3781
113	4178
114	5314
115	6606
116	7164
117	7396
118	6706
119	5523
120	4920
121	4171
122	3747
123	3745
124	4399
125	5265
126	6182
127	7512
128	7861
129	8116
130	9669
131	11216
132	9294
133	6497
134	5647
135	6126
136	8373
137	13569
138	17875
139	16396
140	19187
141	25093
142	22956
143	18270
144	15939
145	16265
146	17607
147	21507
148	24113
149	22211
150	21501
151	25903
152	31058
153	34415
154	37937
155	42961
156	48123
157	50757
158	47594
159	38602
160	29914
161	28101
162	32790
163	41157
164	52506
165	66305
166	81824
167	91859
168	85316
169	66858
170	47827
171	36671
172	34467
173	39838
174	49935
175	63661
176	77931
177	87059
178	84812
179	72810
180	57885
181	45405
182	38892
183	37917
184	42021
185	49547
186	57669
187	65007
188	68584
189	64727
190	56516
191	47728
192	41339
193	38435
194	38242
195	40478
196	43656
197	48174
198	50863
199	50952
200	47966
201	43806
202	39943
203	37095
204	35131
205	34782
206	35462
207	35665
208	36560
209	36737
210	35606
211	34624
212	32914
213	31080
214	29322
215	27971
216	27457
217	26317
218	26308
219	25761
220	25464
221	24907
222	23809
223	23075
224	22526
225	20852
226	19840
227	19064
228	18027
229	17470
230	17299
231	16725
232	16277
233	15952
234	15442
235	14875
236	14109
237	12914
238	12117
239	11516
240	11034
241	10736
242	10458
243	10131
244	10162
245	9786
246	9167
247	8435
248	8068
249	7601
250	6963
251	6697
252	6557
253	6510
254	6128
255	6253
256	5741
257	5402
258	5192
259	4773
260	4549
261	4188
262	4278
263	3996
264	3968
265	3838
266	3760
267	3639
268	3350
269	3219
270	2966
271	2844
272	2744
273	2676
274	2536
275	2549
276	2661
277	2604
278	2463
279	2512
280	2292
281	2332
282	2169
283	1979
284	1984
285	1909
286	2022
287	2010
288	2161
289	2220
290	2277
291	2353
292	2294
293	2042
294	1957
295	1798
296	1811
297	1953
298	2189
299	2437
300	2803
301	2904
302	2858
303	2706
304	2340
305	2183
306	2130
307	2106
308	2382
309	2641
310	3152
311	3400
312	3590
313	3433
314	3194
315	2881
316	2749
317	2602
318	2664
319	2895
320	3303
321	3647
322	3917
323	3961
324	3837
325	3596
326	3456
327	3192
328	2962
329	3215
330	3416
331	3614
332	3888
333	4003
334	4085
335	3894
336	3827
337	3466
338	3477
339	3427
340	3359
341	3326
342	3455
343	3399
344	3585
345	3528
346	3558
347	3590
348	3405
349	3379
350	3273
351	3126
352	3041
353	3071
354	2998
355	2971
356	3189
357	3226
358	3137
359	2992
360	2969
361	2896
362	2642
363	2634
364	2511
365	2400
366	2550
367	2589
368	2600
369	2670
370	2505
371	2437
372	2398
373	2193
374	2035
375	2073
376	1834
377	2034
378	1971
379	1980
380	2168
381	1868
382	1869
383	1793
384	1613
385	1541
386	1438
387	1439
388	1412
389	1447
390	1479
391	1489
392	1404
393	1297
394	1206
395	1127
396	1092
397	1092
398	992
399	1024
400	983
401	1077
402	973
403	936
404	895
405	822
406	824
407	730
408	721
409	748
410	727
411	689
412	664
413	605
414	609
415	563
416	513
417	513
418	487
419	506
420	460
421	469
422	467
423	466
424	451
425	411
426	384
427	359
428	343
429	314
430	333
431	329
432	292
433	286
434	273
435	278
436	259
437	266
438	232
439	202
440	209
441	221
442	227
443	220
444	198
445	203
446	211
447	202
448	207
449	148
450	137
451	147
452	145
453	140
454	157
455	123
456	151
457	99
458	123
459	123
460	124
461	131
462	124
463	126
464	116
465	129
466	97
467	114
468	128
469	111
470	108
471	115
472	101
473	95
474	96
475	91
476	109
477	83
478	91
479	91
480	78
481	115
482	92
483	96
484	87
485	107
486	114
487	94
488	108
489	94
490	94
491	97
492	74
493	72
494	81
495	108
496	83
497	100
498	75
499	98
500	83
501	95
502	81
503	80
504	73
505	80
506	81
507	92
508	81
509	78
510	78
511	78
512	71
513	94
514	85
515	77
516	75
517	72
518	60
519	87
520	71
521	77
522	76
523	68
524	66
525	70
526	74
527	65
528	65
529	60
530	71
531	65
532	70
533	51
534	60
535	71
536	59
537	55
538	66
539	68
540	54
541	54
542	49
543	37
544	48
545	56
546	45
547	51
548	46
549	54
550	54
551	33
552	52
553	35
554	28
555	27
556	34
557	37
558	41
559	33
560	39
561	41
562	35
563	35
564	29
565	26
566	39
567	28
568	29
569	32
570	24
571	23
572	23
573	22
574	14
575	22
576	24
577	23
578	24
579	17
580	16
581	19
582	10
583	24
584	20
585	23
586	9
587	16
588	23
589	11
590	13
591	14
592	11
593	7
594	12
595	15
596	9
597	11
598	10
599	12
600	10
601	12
602	9
603	5
604	5
605	11
606	12
607	12
608	10
609	6
610	12
611	7
612	5
613	6
614	7
615	3
616	11
617	6
618	13
619	5
620	4
621	5
622	4
623	4
624	3
625	5
626	6
627	4
628	4
629	5
630	6
631	5
632	4
633	3
634	2
635	1
636	3
637	2
638	4
639	1
640	1
641	4
642	1
643	5
644	4
645	3
646	3
647	3
648	2
649	2
650	2
651	3
652	4
653	1
654	3
655	4
656	4
657	3
658	3
659	4
661	1
662	4
663	2
664	6
665	1
667	2
668	1
669	1
670	2
673	3
674	4
677	2
678	1
679	2
680	1
681	1
682	1
683	3
685	1
688	2
689	1
690	1
691	1
692	3
694	3
695	1
696	1
698	2
699	1
700	3
