23	7
24	13
25	42
26	277
27	487
28	2166
29	5471
30	10887
31	17576
32	32367
33	44032
34	43515
35	41352
36	38225
37	28971
38	26310
39	43219
40	85255
41	143922
42	208595
43	230406
44	242200
45	195895
46	140709
47	86637
48	55053
49	57559
50	93337
51	149444
52	221183
53	247528
54	261865
55	231073
56	172980
57	118295
58	69385
59	57081
60	69396
61	105903
62	158115
63	210150
64	231031
65	212722
66	159576
67	107705
68	69353
69	49503
70	47651
71	64141
72	92238
73	389
74	724
75	212253
76	219050
77	176456
78	67249
79	45435
80	36023
81	39996
82	51950
83	70459
84	87722
85	94931
86	89141
87	73564
88	53193
89	37548
90	26731
91	25171
92	29145
93	38380
94	48724
95	57383
96	57442
97	50647
98	39440
99	29179
100	21545
101	17525
102	17441
103	21481
104	26286
105	32282
106	34494
107	33403
108	28589
109	21957
110	17083
111	13030
112	11728
113	12662
114	15100
115	18578
116	20675
117	21641
118	19937
119	16098
120	13613
121	10782
122	9104
123	8602
124	9324
125	11299
126	12990
127	14540
128	14488
129	13333
130	13127
131	13314
132	10553
133	8543
134	7562
135	8588
136	9966
137	13585
138	15785
139	13703
140	13475
141	14744
142	13693
143	11378
144	10381
145	10180
146	10852
147	12784
148	13839
149	12164
150	10859
151	10886
152	11960
153	12967
154	13604
155	14764
156	16080
157	17468
158	16575
159	14146
160	10670
161	9414
162	9510
163	11127
164	13073
165	16063
166	19900
167	22015
168	20872
169	16862
170	12632
171	9555
172	8339
173	8819
174	10166
175	12667
176	14741
177	16580
178	16489
179	14490
180	11968
181	9307
182	7742
183	7241
184	7481
185	8274
186	9583
187	10520
188	10978
189	10490
190	9371
191	8126
192	6809
193	6070
194	5802
195	6051
196	6297
197	6921
198	7071
199	6996
200	6720
201	6147
202	5380
203	4954
204	4680
205	4602
206	4388
207	4439
208	4432
209	4546
210	4342
211	4168
212	3815
213	3567
214	3357
215	3089
216	3142
217	2961
218	2799
219	2813
220	2784
221	2585
222	2474
223	2395
224	2240
225	2156
226	1919
227	1890
228	1803
229	1741
230	1745
231	1624
232	1570
233	1653
234	1394
235	1361
236	1232
237	1195
238	1185
239	1111
240	1004
241	979
242	901
243	940
244	911
245	875
246	801
247	735
248	649
249	607
250	638
251	580
252	588
253	533
254	549
255	541
256	472
257	472
258	417
259	390
260	353
261	378
262	314
263	285
264	311
265	285
266	295
267	279
268	245
269	267
270	239
271	215
272	214
273	212
274	184
275	165
276	196
277	170
278	166
279	134
280	136
281	161
282	144
283	122
284	105
285	109
286	120
287	124
288	110
289	99
290	84
291	96
292	99
293	87
294	75
295	102
296	89
297	80
298	69
299	77
300	89
301	79
302	89
303	70
304	59
305	47
306	51
307	58
308	57
309	71
310	52
311	61
312	44
313	57
314	51
315	59
316	59
317	46
318	41
319	57
320	48
321	49
322	35
323	39
324	47
325	44
326	30
327	33
328	47
329	32
330	26
331	27
332	36
333	30
334	32
335	46
336	37
337	37
338	31
339	28
340	17
341	35
342	30
343	33
344	27
345	27
346	21
347	31
348	23
349	25
350	28
351	26
352	20
353	18
354	26
355	21
356	23
357	22
358	18
359	15
360	16
361	22
362	13
363	15
364	23
365	20
366	9
367	16
368	14
369	23
370	25
371	17
372	13
373	19
374	17
375	8
376	13
377	11
378	8
379	12
380	10
381	9
382	10
383	11
384	11
385	10
386	11
387	5
388	8
389	12
390	9
391	15
392	10
393	8
394	9
395	6
396	5
397	7
398	8
399	4
400	5
401	2
402	7
403	7
404	7
405	5
406	5
407	5
408	7
409	5
410	3
411	2
412	5
413	1
414	4
415	8
416	2
417	3
418	3
419	7
420	3
421	3
422	7
423	5
424	2
425	4
426	3
427	1
428	2
429	2
430	2
431	3
432	1
433	3
434	3
435	1
436	1
437	1
438	4
439	1
441	2
442	2
443	1
444	2
445	1
447	2
448	3
449	1
450	1
451	1
452	2
453	4
454	1
456	1
461	1
463	1
465	2
466	1
467	1
469	3
471	1
476	1
485	2
487	1
494	1
495	1
496	4
497	1
504	1
508	1
509	2
516	1
519	2
520	2
522	1
525	1
531	1
537	1
538	2
543	1
547	1
548	1
552	1
553	1
554	2
555	1
560	1
566	5
569	1
571	1
573	1
575	1
577	1
579	2
585	1
587	3
591	2
603	1
609	1
616	1
623	2
631	1
632	1
633	1
634	1
647	1
652	1
680	1
721	1
