24	5
25	1
26	30
27	40
28	166
29	301
30	414
31	543
32	966
33	1221
34	1148
35	1456
36	1940
37	1675
38	2327
39	4430
40	9202
41	14305
42	20224
43	23340
44	22590
45	18665
46	13466
47	8579
48	6213
49	8014
50	13610
51	21111
52	30600
53	33793
54	33393
55	27860
56	20206
57	13717
58	8806
59	8747
60	11768
61	18908
62	27719
63	34691
64	38681
65	32718
66	23382
67	15067
68	9762
69	8052
70	9380
71	14271
72	20713
73	136
74	272
75	43518
76	45660
77	36957
78	11146
79	8688
80	8381
81	11497
82	16100
83	21978
84	27481
85	28676
86	25866
87	19993
88	14238
89	9963
90	8445
91	8929
92	12192
93	17260
94	21957
95	24390
96	23881
97	19273
98	14546
99	10837
100	8390
101	8188
102	9660
103	12893
104	16567
105	20314
106	20348
107	18517
108	15088
109	10872
110	8762
111	7462
112	8375
113	10041
114	13106
115	16245
116	16990
117	17030
118	15062
119	11647
120	9567
121	7995
122	7681
123	8377
124	10652
125	13070
126	14346
127	15050
128	14482
129	12876
130	12149
131	11820
132	9940
133	9234
134	10045
135	11960
136	13598
137	15556
138	15545
139	14179
140	14163
141	14824
142	13793
143	13089
144	13228
145	14320
146	15441
147	16902
148	16669
149	15319
150	13550
151	14388
152	15688
153	16234
154	18003
155	20095
156	22621
157	22910
158	21195
159	17968
160	15075
161	13996
162	14737
163	16538
164	19822
165	23731
166	28333
167	29937
168	27466
169	22131
170	17769
171	14688
172	13631
173	15359
174	18086
175	21823
176	25272
177	27175
178	26134
179	23257
180	18953
181	15559
182	13571
183	13744
184	14886
185	16621
186	19381
187	21185
188	21892
189	20661
190	17839
191	14975
192	13399
193	12248
194	12699
195	13498
196	14846
197	16078
198	17092
199	16739
200	15389
201	13660
202	12159
203	11195
204	11088
205	11260
206	11984
207	12235
208	12913
209	12643
210	12139
211	11348
212	10584
213	9719
214	9260
215	9182
216	9026
217	9488
218	9498
219	9614
220	9373
221	9046
222	8343
223	7855
224	7473
225	7434
226	7063
227	6986
228	7164
229	7201
230	6962
231	6870
232	6508
233	6225
234	5844
235	5527
236	5530
237	5234
238	5246
239	5240
240	5053
241	5145
242	4973
243	4705
244	4431
245	4323
246	4438
247	3864
248	3872
249	3777
250	3829
251	3923
252	3701
253	3719
254	3427
255	3536
256	3344
257	3231
258	2929
259	2888
260	2889
261	2911
262	2870
263	2761
264	2647
265	2584
266	2477
267	2569
268	2477
269	2428
270	2223
271	2320
272	2278
273	2071
274	2133
275	2107
276	2077
277	2073
278	2217
279	2122
280	2037
281	2044
282	1882
283	1700
284	1764
285	1893
286	1982
287	1966
288	2141
289	2196
290	2263
291	2112
292	2050
293	1873
294	1809
295	1719
296	1861
297	2041
298	2227
299	2319
300	2522
301	2506
302	2327
303	2053
304	1903
305	1776
306	1859
307	1915
308	2014
309	2364
310	2532
311	2483
312	2466
313	2229
314	2028
315	1884
316	1777
317	1771
318	1977
319	2079
320	2155
321	2247
322	2265
323	2136
324	2023
325	1955
326	1801
327	1743
328	1777
329	1803
330	1921
331	1892
332	1903
333	1868
334	1714
335	1698
336	1615
337	1594
338	1646
339	1560
340	1595
341	1583
342	1602
343	1535
344	1503
345	1420
346	1398
347	1412
348	1292
349	1294
350	1338
351	1242
352	1263
353	1244
354	1180
355	1183
356	1118
357	1118
358	1131
359	1072
360	1025
361	1081
362	976
363	1012
364	873
365	838
366	859
367	827
368	884
369	871
370	792
371	797
372	735
373	701
374	651
375	617
376	656
377	674
378	693
379	644
380	620
381	575
382	616
383	568
384	473
385	481
386	416
387	390
388	482
389	439
390	404
391	465
392	412
393	395
394	379
395	361
396	324
397	335
398	335
399	292
400	327
401	282
402	303
403	286
404	268
405	223
406	255
407	220
408	217
409	227
410	226
411	239
412	191
413	218
414	181
415	169
416	203
417	181
418	171
419	201
420	160
421	156
422	126
423	153
424	115
425	117
426	141
427	127
428	108
429	124
430	117
431	122
432	116
433	97
434	111
435	97
436	94
437	88
438	84
439	95
440	85
441	90
442	89
443	89
444	85
445	87
446	77
447	91
448	90
449	86
450	66
451	65
452	78
453	67
454	85
455	77
456	71
457	74
458	65
459	65
460	66
461	57
462	61
463	50
464	64
465	62
466	48
467	56
468	36
469	46
470	53
471	51
472	50
473	54
474	54
475	61
476	52
477	38
478	50
479	46
480	37
481	42
482	53
483	45
484	36
485	37
486	49
487	46
488	42
489	29
490	29
491	34
492	46
493	34
494	30
495	40
496	45
497	32
498	25
499	26
500	33
501	30
502	32
503	30
504	44
505	31
506	36
507	37
508	28
509	22
510	25
511	29
512	18
513	23
514	29
515	19
516	30
517	32
518	30
519	16
520	11
521	15
522	16
523	23
524	15
525	18
526	21
527	10
528	18
529	7
530	8
531	13
532	9
533	5
534	14
535	11
536	13
537	10
538	13
539	18
540	18
541	10
542	8
543	10
544	5
545	6
546	7
547	10
548	12
549	20
550	6
551	6
552	9
553	5
554	5
555	6
556	5
557	4
558	1
559	9
560	7
561	9
562	10
563	3
564	7
565	5
566	2
567	7
568	5
569	2
570	2
571	3
572	2
573	2
574	4
575	5
576	3
577	5
578	3
579	1
580	4
581	2
582	4
583	2
584	5
585	4
586	1
588	3
589	6
590	1
591	3
592	2
593	1
594	3
595	1
598	1
599	4
600	1
603	3
604	1
605	3
607	1
609	1
610	1
611	3
613	1
616	2
620	1
623	7
624	1
625	3
627	3
630	1
631	1
632	1
633	3
634	1
635	3
637	3
638	1
640	1
642	1
643	1
644	1
647	1
648	1
649	2
652	1
654	1
664	1
669	1
674	1
676	1
679	1
680	1
683	1
684	1
688	1
690	5
691	2
693	2
699	1
