23	8
24	11
25	5
26	328
27	335
28	953
29	1808
30	2495
31	2947
32	5247
33	7254
34	7944
35	11635
36	16770
37	15767
38	19545
39	31845
40	58578
41	89463
42	121640
43	141887
44	141393
45	113843
46	81661
47	51701
48	38784
49	45322
50	69704
51	100847
52	139811
53	157751
54	158745
55	136316
56	98582
57	69245
58	45051
59	44083
60	55201
61	81353
62	113835
63	142797
64	154360
65	138013
66	102958
67	69224
68	47888
69	39468
70	43591
71	58746
72	80292
73	317
74	711
75	147295
76	162904
77	130790
78	50417
79	37782
80	35501
81	42492
82	54602
83	68413
84	80781
85	83615
86	74598
87	61564
88	43209
89	33447
90	28388
91	29985
92	35973
93	45671
94	55120
95	60093
96	56896
97	48044
98	38374
99	28954
100	24372
101	23034
102	25491
103	30616
104	36618
105	42414
106	41989
107	39376
108	32705
109	24806
110	20974
111	18606
112	19357
113	22084
114	25704
115	30841
116	31182
117	30503
118	27630
119	22089
120	18478
121	16674
122	15889
123	17031
124	19112
125	22364
126	24208
127	24968
128	23667
129	20934
130	20004
131	19489
132	17235
133	16085
134	16461
135	18814
136	21635
137	25734
138	27288
139	24599
140	24441
141	26623
142	24860
143	22382
144	22303
145	23434
146	25485
147	27899
148	28764
149	26296
150	25101
151	27562
152	30322
153	32872
154	35891
155	40544
156	44023
157	44908
158	42730
159	35113
160	28218
161	26781
162	30145
163	36511
164	45702
165	57381
166	68924
167	74177
168	67972
169	52533
170	38078
171	30554
172	29574
173	33861
174	41786
175	52396
176	62197
177	68008
178	64173
179	54377
180	42010
181	34114
182	29984
183	30614
184	34055
185	39833
186	46160
187	51013
188	52519
189	47665
190	40733
191	34403
192	30010
193	29732
194	29927
195	32912
196	35432
197	38339
198	40091
199	39002
200	35677
201	31815
202	29031
203	27607
204	27506
205	27725
206	28473
207	29265
208	30472
209	29789
210	29045
211	26970
212	25691
213	24359
214	23462
215	23135
216	22826
217	23098
218	22968
219	22735
220	22302
221	21279
222	20129
223	19398
224	18988
225	18339
226	17927
227	17916
228	17341
229	16993
230	16731
231	16147
232	16107
233	15230
234	14918
235	14254
236	14008
237	13404
238	13071
239	12547
240	12223
241	11915
242	12007
243	11433
244	11386
245	10998
246	10532
247	10127
248	9634
249	9252
250	8934
251	8820
252	8431
253	8536
254	8357
255	8225
256	7736
257	7722
258	7246
259	6929
260	6795
261	6591
262	6393
263	6338
264	6238
265	6050
266	5771
267	5771
268	5532
269	5210
270	4928
271	4840
272	4773
273	4768
274	4618
275	4711
276	4533
277	4431
278	4199
279	4218
280	4060
281	3884
282	3769
283	3657
284	3614
285	3522
286	3577
287	3541
288	3675
289	3523
290	3628
291	3389
292	3322
293	3129
294	3025
295	2940
296	2865
297	2963
298	3091
299	3107
300	3115
301	3184
302	3051
303	2892
304	2761
305	2443
306	2489
307	2563
308	2526
309	2621
310	2696
311	2683
312	2713
313	2701
314	2452
315	2367
316	2364
317	2239
318	2284
319	2328
320	2214
321	2385
322	2413
323	2316
324	2368
325	2211
326	2167
327	2116
328	2055
329	2043
330	1974
331	1952
332	2010
333	2003
334	1878
335	1908
336	1800
337	1820
338	1843
339	1751
340	1649
341	1680
342	1651
343	1587
344	1558
345	1541
346	1500
347	1475
348	1626
349	1495
350	1412
351	1465
352	1218
353	1237
354	1238
355	1234
356	1228
357	1226
358	1268
359	1245
360	1172
361	1155
362	1130
363	1035
364	1014
365	969
366	991
367	1027
368	1008
369	992
370	946
371	941
372	880
373	797
374	774
375	764
376	733
377	790
378	737
379	765
380	732
381	711
382	698
383	624
384	644
385	654
386	572
387	577
388	600
389	561
390	599
391	611
392	602
393	553
394	515
395	438
396	438
397	384
398	399
399	446
400	451
401	423
402	400
403	451
404	398
405	353
406	345
407	326
408	320
409	317
410	322
411	318
412	285
413	320
414	270
415	240
416	267
417	254
418	227
419	234
420	249
421	230
422	228
423	219
424	238
425	192
426	199
427	178
428	184
429	170
430	188
431	165
432	159
433	148
434	156
435	155
436	146
437	132
438	143
439	131
440	128
441	140
442	114
443	122
444	145
445	128
446	127
447	120
448	95
449	104
450	103
451	81
452	80
453	94
454	94
455	105
456	68
457	84
458	67
459	71
460	80
461	60
462	75
463	68
464	59
465	78
466	74
467	71
468	69
469	70
470	72
471	42
472	52
473	66
474	54
475	53
476	72
477	54
478	54
479	42
480	43
481	37
482	54
483	43
484	44
485	44
486	34
487	47
488	40
489	44
490	29
491	32
492	45
493	30
494	24
495	33
496	37
497	32
498	30
499	35
500	26
501	30
502	26
503	15
504	28
505	22
506	23
507	27
508	27
509	25
510	30
511	15
512	21
513	27
514	27
515	25
516	24
517	14
518	26
519	25
520	13
521	20
522	15
523	17
524	21
525	14
526	9
527	14
528	16
529	13
530	13
531	16
532	8
533	13
534	16
535	4
536	11
537	9
538	13
539	15
540	8
541	14
542	12
543	10
544	7
545	6
546	9
547	9
548	8
549	7
550	9
551	11
552	7
553	9
554	5
555	8
556	8
557	11
558	4
559	4
560	7
561	10
562	3
563	5
564	7
565	7
566	8
567	3
568	9
569	8
570	7
571	4
572	5
573	4
574	7
575	4
576	4
577	4
578	4
579	3
580	1
581	2
582	8
583	4
584	4
585	4
586	2
587	5
588	6
589	5
590	2
591	1
592	8
593	2
594	4
595	1
596	3
597	3
599	4
600	4
601	5
602	3
604	3
605	2
606	1
607	1
608	3
609	2
610	3
611	1
612	4
613	2
614	1
615	8
616	2
617	1
618	2
619	1
621	3
622	2
623	1
625	2
626	3
627	1
629	5
631	2
632	2
634	2
635	1
636	1
637	1
638	1
639	2
640	1
645	1
647	1
649	1
650	2
652	1
654	1
656	1
657	1
658	1
659	1
663	1
664	2
665	1
666	3
668	1
677	2
678	1
682	2
691	1
695	1
698	2
700	1
