23	2
25	3
26	170
27	173
28	474
29	967
30	1251
31	1704
32	3156
33	3710
34	3372
35	4345
36	5334
37	4865
38	5622
39	10763
40	20852
41	33581
42	47029
43	51871
44	51353
45	40427
46	27684
47	16990
48	11940
49	14312
50	23402
51	36122
52	51146
53	56508
54	56574
55	46787
56	32651
57	21232
58	13193
59	12789
60	16912
61	25208
62	37024
63	46750
64	50885
65	43592
66	31071
67	19887
68	12692
69	10008
70	11254
71	15665
72	22963
73	117
74	258
75	46519
76	46545
77	37380
78	12770
79	9124
80	8384
81	10392
82	14098
83	19051
84	22124
85	22933
86	20289
87	15894
88	11387
89	8043
90	6282
91	6681
92	8391
93	11175
94	13804
95	15430
96	14979
97	12689
98	9522
99	6609
100	5254
101	4799
102	5394
103	7284
104	8810
105	10519
106	10647
107	10018
108	7899
109	5974
110	4581
111	3919
112	4265
113	4711
114	6024
115	7510
116	8247
117	7987
118	6979
119	5521
120	4913
121	4758
122	4082
123	4283
124	4934
125	5732
126	6623
127	7763
128	8137
129	7550
130	9386
131	11916
132	9840
133	7424
134	6244
135	6581
136	8441
137	13093
138	17709
139	15930
140	18253
141	24113
142	23454
143	18530
144	16295
145	15674
146	16600
147	19704
148	22669
149	20857
150	19774
151	23754
152	27835
153	31020
154	34182
155	37312
156	41454
157	44607
158	43154
159	35608
160	27171
161	25504
162	29176
163	36407
164	46188
165	58724
166	72981
167	82896
168	78982
169	62115
170	44229
171	33735
172	31032
173	35670
174	44890
175	58586
176	72630
177	81014
178	79619
179	68258
180	53732
181	42378
182	35932
183	35483
184	39819
185	46533
186	55046
187	62624
188	65436
189	61566
190	53101
191	45339
192	39842
193	37601
194	37652
195	39873
196	44219
197	47371
198	50282
199	49900
200	46605
201	42639
202	39069
203	37277
204	35705
205	36081
206	35857
207	36990
208	37806
209	37356
210	36727
211	34951
212	34023
213	32147
214	31008
215	30032
216	29502
217	28493
218	28044
219	27402
220	26742
221	26190
222	25581
223	24762
224	23991
225	22602
226	21873
227	20821
228	19757
229	19474
230	18757
231	18174
232	17661
233	17450
234	17025
235	16458
236	15798
237	14579
238	14057
239	13178
240	12653
241	11869
242	11855
243	11307
244	11502
245	10990
246	10887
247	10068
248	9291
249	8614
250	8290
251	7650
252	7519
253	7336
254	7296
255	7105
256	6939
257	6309
258	6062
259	5463
260	5080
261	4979
262	4882
263	4641
264	4546
265	4511
266	4368
267	4085
268	3981
269	3725
270	3451
271	3357
272	3128
273	2994
274	3022
275	2805
276	2767
277	2802
278	2846
279	2700
280	2601
281	2473
282	2428
283	2355
284	2138
285	2093
286	2189
287	2173
288	2271
289	2489
290	2500
291	2404
292	2390
293	2154
294	2038
295	1830
296	1831
297	2096
298	2226
299	2521
300	2628
301	2929
302	2927
303	2677
304	2610
305	2097
306	2044
307	2017
308	2145
309	2523
310	2871
311	3208
312	3342
313	3371
314	3126
315	2835
316	2489
317	2298
318	2435
319	2509
320	2924
321	3293
322	3497
323	3628
324	3560
325	3391
326	3060
327	2897
328	2725
329	2812
330	2915
331	3120
332	3268
333	3488
334	3656
335	3431
336	3294
337	3115
338	2912
339	2917
340	2797
341	2781
342	2941
343	3066
344	3068
345	3091
346	3151
347	3082
348	2789
349	2833
350	2688
351	2694
352	2535
353	2516
354	2663
355	2549
356	2607
357	2693
358	2682
359	2577
360	2496
361	2345
362	2245
363	2132
364	2118
365	1988
366	2038
367	2129
368	2086
369	2135
370	2127
371	1946
372	1923
373	1806
374	1716
375	1612
376	1613
377	1595
378	1654
379	1655
380	1630
381	1567
382	1470
383	1420
384	1352
385	1214
386	1186
387	1210
388	1169
389	1215
390	1159
391	1161
392	1154
393	1099
394	968
395	905
396	877
397	852
398	840
399	822
400	809
401	810
402	862
403	767
404	703
405	663
406	642
407	577
408	528
409	578
410	583
411	609
412	590
413	524
414	489
415	456
416	430
417	396
418	382
419	404
420	370
421	362
422	336
423	358
424	357
425	317
426	297
427	294
428	242
429	241
430	256
431	233
432	243
433	237
434	217
435	194
436	190
437	187
438	183
439	179
440	169
441	145
442	135
443	158
444	147
445	150
446	148
447	137
448	123
449	113
450	107
451	103
452	105
453	82
454	101
455	102
456	101
457	100
458	100
459	79
460	58
461	91
462	72
463	81
464	84
465	68
466	73
467	71
468	56
469	64
470	61
471	62
472	72
473	62
474	58
475	60
476	58
477	63
478	54
479	63
480	43
481	43
482	51
483	51
484	57
485	58
486	57
487	36
488	56
489	41
490	53
491	47
492	64
493	60
494	59
495	41
496	48
497	41
498	41
499	46
500	46
501	45
502	40
503	46
504	54
505	45
506	36
507	40
508	56
509	34
510	43
511	49
512	34
513	41
514	27
515	18
516	38
517	28
518	32
519	23
520	32
521	36
522	24
523	31
524	30
525	20
526	28
527	24
528	26
529	34
530	27
531	19
532	28
533	26
534	17
535	19
536	12
537	17
538	28
539	21
540	21
541	27
542	18
543	20
544	20
545	21
546	12
547	15
548	19
549	22
550	19
551	14
552	15
553	16
554	14
555	15
556	23
557	15
558	15
559	17
560	8
561	12
562	18
563	12
564	10
565	11
566	14
567	12
568	7
569	11
570	10
571	14
572	6
573	9
574	6
575	9
576	10
577	6
578	11
579	1
580	7
581	3
582	2
583	7
584	7
585	4
586	10
587	4
588	3
589	2
590	7
591	3
592	6
593	2
594	6
595	5
596	3
597	4
598	3
599	4
600	4
601	7
602	2
603	1
604	3
605	2
606	2
607	4
608	3
609	1
610	1
611	2
612	2
613	3
614	3
615	3
616	2
617	1
618	2
620	3
621	4
623	2
624	1
626	1
627	2
628	1
629	3
631	2
632	1
633	1
634	3
635	3
637	3
639	1
640	1
644	1
645	1
646	2
647	1
649	1
650	1
651	1
652	1
654	1
658	2
660	1
673	1
678	3
679	1
688	2
689	2
690	1
691	1
692	2
699	2
