23	15
24	3
25	16
26	89
27	139
28	376
29	854
30	874
31	1432
32	2204
33	2602
34	2325
35	2770
36	3574
37	3903
38	5050
39	8935
40	14387
41	23927
42	32016
43	34410
44	33375
45	26376
46	20594
47	14471
48	11232
49	12968
50	17380
51	24512
52	31972
53	34741
54	35029
55	29044
56	23600
57	17889
58	12824
59	11925
60	13274
61	17891
62	24058
63	29263
64	33162
65	29448
66	23720
67	18465
68	13510
69	11721
70	11503
71	13919
72	17420
73	355
74	458
75	40543
76	43326
77	36659
78	15485
79	13313
80	11534
81	11938
82	13928
83	16199
84	20310
85	20654
86	20431
87	18938
88	15089
89	13515
90	11375
91	10635
92	11394
93	13082
94	16046
95	16932
96	17082
97	16449
98	15541
99	13501
100	11887
101	10736
102	10637
103	10770
104	12900
105	14604
106	14948
107	14698
108	13388
109	13518
110	11755
111	10632
112	10328
113	10009
114	11268
115	12181
116	12869
117	13631
118	13656
119	13285
120	11995
121	10824
122	10161
123	10046
124	10733
125	11749
126	11936
127	13272
128	13741
129	14068
130	13426
131	12678
132	12062
133	11172
134	11883
135	11824
136	12790
137	16213
138	17510
139	17803
140	18475
141	20081
142	18890
143	16122
144	15338
145	15736
146	16275
147	18892
148	20575
149	20236
150	21942
151	25118
152	25032
153	23979
154	25086
155	26547
156	30481
157	31323
158	31532
159	27779
160	24606
161	24455
162	25712
163	28762
164	34372
165	40679
166	47038
167	51229
168	49930
169	42657
170	33792
171	28422
172	26798
173	29903
174	35658
175	42383
176	49034
177	54440
178	53354
179	47192
180	41663
181	33744
182	30216
183	29839
184	32632
185	36821
186	40985
187	45506
188	47121
189	45670
190	40775
191	36096
192	32886
193	31052
194	31570
195	32562
196	35614
197	37234
198	40372
199	40721
200	37939
201	35230
202	32708
203	31269
204	30282
205	30311
206	31096
207	32327
208	33355
209	33973
210	32104
211	31122
212	30169
213	29441
214	27864
215	27080
216	26557
217	26276
218	27007
219	27451
220	26680
221	26602
222	24667
223	24057
224	23753
225	23001
226	22733
227	23337
228	22019
229	22130
230	21555
231	20592
232	19748
233	19737
234	19107
235	18237
236	17808
237	16908
238	17429
239	16510
240	15961
241	16814
242	15759
243	15532
244	14850
245	14578
246	13655
247	13033
248	12992
249	12662
250	12497
251	12238
252	12371
253	11751
254	11648
255	11240
256	10757
257	9998
258	9663
259	10406
260	9766
261	9940
262	9644
263	9624
264	9175
265	8824
266	8301
267	7853
268	8049
269	7825
270	8017
271	7510
272	7623
273	7844
274	7763
275	7097
276	7183
277	7028
278	6935
279	7324
280	6862
281	7280
282	7069
283	6384
284	7010
285	6609
286	6356
287	6868
288	7144
289	7156
290	7148
291	7188
292	7240
293	6982
294	6972
295	6933
296	7029
297	7103
298	7369
299	7896
300	8334
301	8615
302	8664
303	8506
304	8314
305	7719
306	7418
307	7692
308	7858
309	8867
310	9350
311	9813
312	10005
313	10269
314	10006
315	9021
316	8877
317	8947
318	9057
319	9637
320	10500
321	11151
322	11459
323	11741
324	12096
325	11299
326	11200
327	10830
328	10376
329	11090
330	11036
331	11858
332	12405
333	13452
334	12650
335	13118
336	12575
337	11760
338	11868
339	11812
340	12070
341	11970
342	11920
343	12308
344	12800
345	12634
346	12901
347	13075
348	12602
349	13237
350	12191
351	12554
352	11733
353	11903
354	12197
355	12168
356	11950
357	12786
358	12319
359	12317
360	12397
361	11421
362	11100
363	11209
364	10883
365	10929
366	11460
367	11546
368	11416
369	11794
370	11460
371	10784
372	9964
373	9522
374	9809
375	9689
376	9776
377	10040
378	9709
379	10226
380	9760
381	9544
382	9013
383	8595
384	8372
385	8102
386	8034
387	7899
388	8630
389	8519
390	8461
391	7974
392	7613
393	7149
394	6978
395	6655
396	6813
397	6613
398	6737
399	6820
400	6691
401	6942
402	6244
403	5807
404	5615
405	5322
406	5394
407	5152
408	5358
409	5212
410	5155
411	5308
412	4929
413	4765
414	4420
415	4092
416	3984
417	3950
418	4080
419	4119
420	3915
421	3729
422	3880
423	3670
424	3678
425	3250
426	3020
427	3100
428	2874
429	3097
430	3061
431	2978
432	2895
433	2813
434	2546
435	2463
436	2256
437	2214
438	2341
439	2338
440	2132
441	2178
442	2287
443	2145
444	2139
445	1901
446	1822
447	1859
448	1826
449	1900
450	1900
451	1776
452	1761
453	1761
454	1807
455	1673
456	1631
457	1562
458	1357
459	1573
460	1571
461	1719
462	1538
463	1602
464	1615
465	1513
466	1515
467	1416
468	1410
469	1553
470	1383
471	1471
472	1459
473	1467
474	1573
475	1528
476	1472
477	1419
478	1408
479	1441
480	1421
481	1414
482	1368
483	1439
484	1487
485	1543
486	1531
487	1453
488	1459
489	1436
490	1370
491	1367
492	1377
493	1546
494	1736
495	1556
496	1607
497	1516
498	1542
499	1595
500	1451
501	1517
502	1376
503	1503
504	1544
505	1634
506	1548
507	1502
508	1595
509	1581
510	1439
511	1413
512	1480
513	1535
514	1502
515	1464
516	1444
517	1533
518	1563
519	1580
520	1507
521	1486
522	1368
523	1356
524	1530
525	1394
526	1354
527	1379
528	1407
529	1412
530	1275
531	1251
532	1273
533	1241
534	1232
535	1223
536	1261
537	1240
538	1234
539	1275
540	1166
541	1182
542	1135
543	1078
544	1184
545	1007
546	1130
547	1163
548	1113
549	1102
550	967
551	1023
552	877
553	937
554	1011
555	939
556	935
557	931
558	986
559	955
560	918
561	858
562	920
563	802
564	865
565	778
566	809
567	753
568	776
569	810
570	739
571	691
572	704
573	729
574	731
575	612
576	637
577	589
578	690
579	608
580	583
581	644
582	537
583	501
584	576
585	499
586	521
587	473
588	459
589	525
590	464
591	461
592	399
593	399
594	466
595	428
596	413
597	340
598	402
599	404
600	356
601	337
602	358
603	387
604	392
605	302
606	327
607	281
608	302
609	421
610	314
611	315
612	250
613	257
614	290
615	290
616	236
617	249
618	274
619	309
620	223
621	303
622	293
623	239
624	331
625	221
626	271
627	255
628	257
629	277
630	231
631	259
632	243
633	245
634	267
635	187
636	277
637	230
638	263
639	272
640	184
641	238
642	204
643	255
644	268
645	191
646	196
647	228
648	255
649	261
650	185
651	232
652	230
653	201
654	257
655	182
656	209
657	195
658	197
659	262
660	209
661	204
662	228
663	235
664	230
665	190
666	245
667	173
668	194
669	278
670	172
671	185
672	157
673	225
674	275
675	243
676	186
677	195
678	285
679	283
680	247
681	167
682	207
683	231
684	229
685	156
686	195
687	190
688	278
689	371
690	259
691	202
692	184
693	201
694	241
695	155
696	177
697	167
698	236
699	264
700	206
701	29
702	31
703	49
704	35
705	24
706	43
707	28
708	45
709	24
710	32
711	26
712	20
713	23
714	33
715	26
716	13
717	6
718	28
719	18
720	15
721	13
722	3
723	7
724	5
725	3
726	2
727	8
728	4
729	8
730	13
731	3
733	2
735	2
736	4
737	2
739	2
741	5
743	3
746	1
747	1
