22	8
23	37
24	25
25	58
26	444
27	577
28	1148
29	1912
30	2578
31	2795
32	4938
33	6260
34	6803
35	9520
36	13893
37	13565
38	15820
39	24218
40	42395
41	65065
42	87381
43	92954
44	89469
45	68171
46	49773
47	30255
48	23084
49	26081
50	39914
51	60754
52	82328
53	90579
54	89703
55	74194
56	54684
57	37355
58	24044
59	24754
60	31148
61	48809
62	71242
63	89319
64	97823
65	85410
66	62778
67	42256
68	28409
69	23932
70	25884
71	36844
72	53437
73	414
74	1238
75	129750
76	126207
77	105164
78	35882
79	26169
80	23975
81	31667
82	41098
83	56949
84	66369
85	67240
86	63424
87	48304
88	34491
89	25306
90	21647
91	22657
92	30320
93	40001
94	54711
95	56158
96	53927
97	49272
98	34756
99	28167
100	21804
101	19782
102	22636
103	29761
104	44197
105	48004
106	50599
107	40660
108	35098
109	26926
110	21649
111	19318
112	19495
113	24053
114	30216
115	36089
116	42274
117	41340
118	35199
119	26866
120	21756
121	18086
122	17156
123	20719
124	25182
125	30051
126	34565
127	36673
128	33963
129	28201
130	26240
131	21633
132	20696
133	19970
134	21151
135	26812
136	31005
137	36098
138	39569
139	33432
140	33779
141	33591
142	30789
143	27435
144	27382
145	30489
146	33298
147	40216
148	42384
149	38571
150	37877
151	40011
152	39495
153	43183
154	47448
155	53896
156	60492
157	63184
158	59086
159	51903
160	42802
161	41710
162	43608
163	52990
164	64898
165	81460
166	99072
167	109275
168	101924
169	81285
170	60091
171	49383
172	45715
173	51300
174	62830
175	79423
176	95986
177	106490
178	100627
179	86382
180	72350
181	56044
182	49752
183	49144
184	54240
185	63213
186	73926
187	83120
188	85808
189	79494
190	69143
191	58957
192	51753
193	49393
194	50510
195	54242
196	59639
197	66123
198	68623
199	67713
200	62542
201	55873
202	51577
203	49765
204	49828
205	49922
206	51680
207	53302
208	55064
209	55875
210	52378
211	50431
212	47629
213	45426
214	44375
215	42717
216	43183
217	43072
218	43710
219	42466
220	42365
221	41607
222	40057
223	38261
224	37687
225	36864
226	35599
227	34681
228	34060
229	33718
230	33220
231	33192
232	32739
233	30887
234	30623
235	29572
236	28325
237	27856
238	26529
239	26257
240	26127
241	25339
242	24938
243	24741
244	23777
245	23521
246	22439
247	22017
248	20309
249	19959
250	19558
251	19570
252	19423
253	19118
254	18944
255	18213
256	17529
257	16919
258	16502
259	15471
260	15257
261	15145
262	14734
263	14425
264	14583
265	14585
266	13649
267	13264
268	12914
269	12356
270	12039
271	11585
272	11717
273	11455
274	11692
275	11244
276	11145
277	10983
278	10999
279	10562
280	10069
281	10471
282	10064
283	9522
284	9771
285	9597
286	9146
287	9597
288	9267
289	9754
290	9807
291	9809
292	9614
293	9142
294	8809
295	8363
296	8411
297	8823
298	9103
299	9859
300	10545
301	10612
302	10164
303	9981
304	9020
305	8229
306	8286
307	8084
308	8638
309	8946
310	9438
311	10185
312	10411
313	10110
314	9538
315	9177
316	8237
317	8323
318	8174
319	8554
320	8869
321	9542
322	9785
323	9755
324	9669
325	9361
326	8824
327	8617
328	8146
329	8286
330	8180
331	8704
332	8593
333	8820
334	8919
335	8740
336	8628
337	8400
338	8038
339	7984
340	7770
341	7439
342	7503
343	7401
344	7516
345	7761
346	7622
347	7883
348	7513
349	7259
350	6941
351	6704
352	6578
353	6329
354	6379
355	6362
356	6473
357	6675
358	6647
359	6455
360	6300
361	5943
362	5668
363	5380
364	5347
365	5102
366	5189
367	5405
368	5465
369	5523
370	5294
371	5021
372	4926
373	4462
374	4285
375	4205
376	4178
377	4361
378	4328
379	4385
380	4304
381	4289
382	4216
383	3884
384	3562
385	3357
386	3377
387	3466
388	3334
389	3432
390	3418
391	3476
392	3283
393	3220
394	2916
395	2815
396	2674
397	2590
398	2684
399	2715
400	2805
401	2744
402	2593
403	2592
404	2432
405	2249
406	2153
407	2089
408	2027
409	2079
410	2034
411	2053
412	2034
413	2030
414	1906
415	1843
416	1780
417	1700
418	1568
419	1632
420	1648
421	1619
422	1624
423	1596
424	1452
425	1399
426	1366
427	1282
428	1224
429	1288
430	1165
431	1211
432	1246
433	1183
434	1213
435	1180
436	1101
437	1051
438	954
439	985
440	989
441	982
442	958
443	962
444	954
445	923
446	847
447	900
448	837
449	811
450	733
451	761
452	710
453	772
454	724
455	757
456	712
457	686
458	696
459	603
460	596
461	602
462	616
463	666
464	654
465	589
466	630
467	579
468	560
469	532
470	481
471	550
472	517
473	496
474	534
475	516
476	516
477	442
478	408
479	419
480	422
481	423
482	419
483	426
484	385
485	427
486	392
487	387
488	396
489	375
490	382
491	334
492	321
493	365
494	378
495	359
496	366
497	343
498	349
499	343
500	310
501	278
502	266
503	274
504	290
505	290
506	313
507	304
508	284
509	271
510	264
511	285
512	258
513	235
514	258
515	241
516	256
517	258
518	226
519	229
520	215
521	215
522	207
523	251
524	188
525	200
526	212
527	178
528	156
529	239
530	215
531	168
532	190
533	182
534	172
535	163
536	169
537	173
538	172
539	170
540	149
541	164
542	129
543	151
544	144
545	153
546	133
547	144
548	123
549	120
550	114
551	131
552	105
553	118
554	97
555	104
556	100
557	102
558	97
559	111
560	73
561	99
562	87
563	79
564	105
565	68
566	61
567	98
568	77
569	88
570	68
571	87
572	74
573	99
574	92
575	71
576	47
577	60
578	88
579	79
580	87
581	47
582	70
583	69
584	61
585	73
586	58
587	51
588	54
589	60
590	56
591	72
592	67
593	45
594	50
595	50
596	65
597	55
598	40
599	62
600	39
601	35
602	38
603	57
604	42
605	25
606	44
607	41
608	41
609	65
610	35
611	31
612	29
613	31
614	39
615	43
616	43
617	42
618	29
619	54
620	30
621	55
622	41
623	36
624	41
625	34
626	44
627	58
628	55
629	38
630	33
631	45
632	41
633	40
634	33
635	35
636	28
637	27
638	39
639	47
640	17
641	43
642	22
643	20
644	33
645	28
646	29
647	27
648	24
649	38
650	21
651	30
652	27
653	21
654	23
655	21
656	20
657	38
658	28
659	33
660	24
661	24
662	24
663	39
664	32
665	27
666	24
667	18
668	28
669	33
670	27
671	21
672	18
673	30
674	22
675	32
676	28
677	23
678	25
679	48
680	32
681	33
682	30
683	21
684	38
685	23
686	22
687	43
688	34
689	36
690	15
691	26
692	12
693	22
694	16
695	19
696	15
697	21
698	17
699	28
700	19
701	1
702	2
703	6
704	9
705	2
706	3
707	6
708	6
709	2
710	1
711	3
713	1
714	1
715	1
716	7
720	2
722	4
723	2
725	2
732	2
733	1
734	2
736	1
737	2
747	1
