22	21
23	76
24	42
25	172
26	743
27	1197
28	2904
29	6898
30	9502
31	14014
32	24536
33	30386
34	28664
35	32572
36	39587
37	34097
38	37446
39	62547
40	116593
41	185459
42	262475
43	290180
44	286505
45	217242
46	154015
47	95691
48	67351
49	75674
50	117033
51	183709
52	258334
53	290796
54	295099
55	246784
56	177136
57	116579
58	74350
59	68107
60	86941
61	127386
62	187296
63	236437
64	256776
65	223767
66	156200
67	104355
68	66547
69	52849
70	55098
71	77218
72	110605
73	912
74	2058
75	300492
76	235801
77	187173
78	61303
79	45633
80	40785
81	49924
82	65777
83	87345
84	106889
85	112763
86	99846
87	79580
88	56325
89	40623
90	32527
91	32318
92	40786
93	52699
94	66359
95	73449
96	71765
97	60429
98	46054
99	34107
100	26806
101	23856
102	26374
103	32521
104	40922
105	49308
106	49239
107	45648
108	37058
109	28849
110	22337
111	19509
112	18793
113	22029
114	26451
115	32429
116	35435
117	35034
118	31539
119	25333
120	22235
121	19973
122	17933
123	17514
124	20525
125	23940
126	27325
127	30745
128	31281
129	30879
130	36772
131	42927
132	35706
133	26429
134	23017
135	24762
136	29930
137	44695
138	56574
139	50498
140	56582
141	73542
142	69763
143	55916
144	49945
145	48231
146	51072
147	59703
148	66044
149	60773
150	55671
151	64395
152	74505
153	82857
154	89606
155	99913
156	109723
157	116279
158	109862
159	89927
160	68485
161	62897
162	69809
163	86244
164	108278
165	135395
166	167499
167	186895
168	176326
169	138068
170	97840
171	75360
172	68142
173	76669
174	94566
175	120768
176	145838
177	163068
178	157884
179	137339
180	109171
181	84923
182	71534
183	69929
184	76465
185	88308
186	102160
187	113116
188	118818
189	112656
190	98106
191	83373
192	72812
193	66619
194	66041
195	69600
196	73931
197	79201
198	84357
199	83734
200	77828
201	71390
202	65202
203	60031
204	57351
205	56392
206	56039
207	57525
208	58358
209	58035
210	56118
211	53395
212	51170
213	47997
214	45912
215	43042
216	41714
217	40521
218	39821
219	39145
220	37817
221	37018
222	35617
223	34055
224	32708
225	31152
226	29181
227	27945
228	26331
229	25652
230	25059
231	23976
232	23559
233	22967
234	22245
235	21319
236	20080
237	18704
238	17423
239	16497
240	15750
241	15398
242	15041
243	14447
244	14001
245	13892
246	12776
247	12340
248	11280
249	10541
250	10020
251	9489
252	9437
253	9110
254	9097
255	8859
256	8439
257	7623
258	7277
259	7086
260	6386
261	6263
262	6025
263	5856
264	5653
265	5444
266	5173
267	5190
268	4867
269	4442
270	4248
271	4034
272	3888
273	3907
274	3814
275	3580
276	3505
277	3503
278	3476
279	3420
280	3170
281	3214
282	2967
283	2840
284	2707
285	2674
286	2603
287	2595
288	2687
289	2945
290	2791
291	2865
292	2786
293	2614
294	2353
295	2350
296	2142
297	2410
298	2495
299	2754
300	3022
301	3084
302	3005
303	2787
304	2521
305	2210
306	2112
307	2171
308	2258
309	2489
310	2676
311	2937
312	3075
313	3090
314	2867
315	2684
316	2382
317	2103
318	2206
319	2324
320	2505
321	2717
322	2805
323	2833
324	2953
325	2755
326	2577
327	2386
328	2139
329	2203
330	2157
331	2415
332	2450
333	2420
334	2467
335	2454
336	2348
337	2222
338	2008
339	2059
340	1920
341	1901
342	1891
343	1885
344	2008
345	2004
346	1911
347	1870
348	1765
349	1858
350	1653
351	1676
352	1553
353	1534
354	1521
355	1491
356	1566
357	1563
358	1565
359	1497
360	1373
361	1337
362	1221
363	1255
364	1175
365	1208
366	1114
367	1148
368	1172
369	1247
370	1069
371	1015
372	987
373	895
374	977
375	938
376	885
377	866
378	866
379	939
380	837
381	817
382	814
383	724
384	664
385	662
386	625
387	650
388	595
389	631
390	591
391	591
392	578
393	548
394	590
395	452
396	471
397	441
398	455
399	503
400	481
401	520
402	406
403	413
404	400
405	430
406	359
407	402
408	270
409	340
410	334
411	344
412	356
413	351
414	353
415	342
416	269
417	286
418	217
419	269
420	251
421	247
422	232
423	258
424	262
425	190
426	186
427	208
428	192
429	237
430	168
431	152
432	187
433	197
434	197
435	176
436	143
437	153
438	121
439	164
440	139
441	157
442	114
443	135
444	159
445	154
446	124
447	152
448	131
449	132
450	125
451	111
452	137
453	135
454	150
455	103
456	111
457	124
458	112
459	155
460	105
461	114
462	168
463	99
464	119
465	146
466	115
467	95
468	93
469	130
470	116
471	105
472	95
473	91
474	81
475	73
476	93
477	130
478	96
479	125
480	113
481	73
482	86
483	134
484	105
485	98
486	74
487	96
488	79
489	134
490	93
491	60
492	96
493	124
494	106
495	117
496	84
497	97
498	127
499	114
500	90
501	99
502	101
503	118
504	112
505	126
506	89
507	131
508	141
509	110
510	100
511	155
512	101
513	157
514	90
515	85
516	133
517	150
518	119
519	121
520	85
521	98
522	72
523	126
524	96
525	109
526	80
527	84
528	117
529	133
530	74
531	99
532	83
533	83
534	87
535	96
536	81
537	86
538	109
539	83
540	66
541	96
542	67
543	93
544	68
545	58
546	64
547	82
548	66
549	111
550	59
551	57
552	47
553	74
554	56
555	71
556	65
557	71
558	63
559	79
560	73
561	78
562	69
563	47
564	84
565	61
566	64
567	80
568	68
569	57
570	45
571	66
572	64
573	94
574	87
575	44
576	58
577	54
578	65
579	77
580	60
581	80
582	95
583	73
584	64
585	76
586	54
587	56
588	71
589	57
590	39
591	77
592	65
593	66
594	69
595	69
596	52
597	97
598	47
599	45
600	38
601	36
602	35
603	72
604	58
605	66
606	40
607	52
608	49
609	78
610	47
611	54
612	51
613	56
614	55
615	71
616	63
617	45
618	46
619	65
620	38
621	82
622	71
623	42
624	45
625	55
626	39
627	76
628	51
629	40
630	48
631	38
632	43
633	110
634	60
635	48
636	45
637	44
638	60
639	110
640	56
641	48
642	37
643	41
644	55
645	100
646	60
647	62
648	55
649	75
650	59
651	73
652	61
653	50
654	59
655	46
656	63
657	62
658	41
659	39
660	51
661	47
662	70
663	69
664	63
665	53
666	58
667	57
668	61
669	93
670	42
671	55
672	57
673	57
674	54
675	66
676	51
677	57
678	37
679	49
680	56
681	71
682	48
683	67
684	74
685	47
686	52
687	59
688	53
689	65
690	53
691	61
692	55
693	86
694	53
695	42
696	49
697	39
698	60
699	50
700	45
701	5
702	4
703	5
704	5
705	4
706	1
707	4
708	2
709	2
710	7
711	2
712	3
714	7
715	6
716	1
717	5
718	1
719	1
720	1
723	1
724	2
725	1
727	2
728	2
729	4
730	1
741	1
