22	15
23	51
24	27
25	110
26	499
27	896
28	1326
29	2252
30	2886
31	3258
32	5255
33	6896
34	7027
35	9395
36	14447
37	15584
38	17985
39	26163
40	42428
41	68336
42	91876
43	98446
44	98144
45	82729
46	70187
47	48895
48	40057
49	44871
50	65118
51	94400
52	116848
53	133217
54	133813
55	110491
56	89876
57	64315
58	48184
59	50312
60	57794
61	84583
62	116115
63	138656
64	152174
65	131522
66	104552
67	77149
68	54237
69	49451
70	50228
71	70603
72	93209
73	501
74	1291
75	187646
76	218228
77	192800
78	66598
79	53336
80	48507
81	62525
82	73943
83	101762
84	113187
85	113700
86	108111
87	86349
88	64383
89	50531
90	43861
91	46066
92	60340
93	74562
94	100095
95	98105
96	95665
97	87986
98	63262
99	55941
100	46463
101	40949
102	44814
103	55959
104	82536
105	86473
106	92129
107	70371
108	63854
109	50252
110	42694
111	40278
112	39300
113	45634
114	55956
115	64410
116	74724
117	72243
118	61901
119	49725
120	40055
121	34172
122	33524
123	39287
124	48320
125	52616
126	59010
127	62766
128	55263
129	47767
130	42137
131	32199
132	32382
133	32902
134	36599
135	44008
136	48628
137	50628
138	51156
139	43058
140	41534
141	34093
142	30334
143	30221
144	31767
145	35872
146	39057
147	44479
148	45755
149	40858
150	40296
151	36302
152	28978
153	28863
154	29622
155	32478
156	39129
157	39318
158	37611
159	37424
160	32566
161	32469
162	27546
163	28475
164	28670
165	32168
166	36609
167	38048
168	39587
169	36812
170	30177
171	28399
172	23826
173	23761
174	24656
175	27208
176	29449
177	33561
178	31311
179	29643
180	31750
181	23588
182	21784
183	20082
184	18405
185	20422
186	21238
187	23727
188	23632
189	25462
190	23587
191	21112
192	18150
193	16048
194	15647
195	15399
196	15340
197	18080
198	17527
199	20647
200	18555
201	16467
202	15428
203	13527
204	13802
205	12308
206	12876
207	12495
208	12860
209	15900
210	13233
211	13367
212	12676
213	11630
214	10395
215	8979
216	9360
217	9029
218	9660
219	9856
220	9813
221	10535
222	9760
223	8491
224	7783
225	7700
226	7504
227	7324
228	7095
229	6910
230	6967
231	7036
232	7684
233	6419
234	6372
235	5846
236	5207
237	5028
238	5067
239	4991
240	5387
241	5101
242	5152
243	5237
244	4858
245	4535
246	4276
247	3642
248	3508
249	3592
250	3922
251	3893
252	3911
253	3910
254	3816
255	3587
256	3353
257	2927
258	3016
259	2719
260	2677
261	2702
262	2679
263	2621
264	2717
265	2732
266	2201
267	2211
268	2006
269	1963
270	1811
271	1806
272	1861
273	2012
274	1970
275	1975
276	1836
277	1776
278	1706
279	1669
280	1316
281	1402
282	1346
283	1283
284	1487
285	1397
286	1375
287	1378
288	1208
289	1248
290	1128
291	1180
292	1150
293	1125
294	1152
295	1049
296	1076
297	1086
298	1043
299	1104
300	982
301	1005
302	921
303	988
304	911
305	852
306	794
307	801
308	903
309	972
310	897
311	853
312	785
313	761
314	821
315	676
316	652
317	742
318	698
319	786
320	726
321	759
322	683
323	674
324	666
325	603
326	620
327	595
328	585
329	657
330	589
331	583
332	539
333	574
334	560
335	507
336	446
337	473
338	450
339	542
340	459
341	464
342	452
343	454
344	467
345	421
346	421
347	378
348	341
349	422
350	400
351	379
352	334
353	335
354	334
355	316
356	294
357	283
358	262
359	342
360	279
361	287
362	249
363	259
364	286
365	202
366	253
367	195
368	257
369	301
370	194
371	244
372	206
373	185
374	245
375	195
376	203
377	168
378	200
379	217
380	160
381	177
382	183
383	160
384	235
385	140
386	131
387	145
388	146
389	176
390	122
391	142
392	110
393	119
394	187
395	136
396	130
397	121
398	98
399	186
400	130
401	109
402	111
403	109
404	98
405	106
406	100
407	113
408	97
409	138
410	96
411	147
412	137
413	184
414	179
415	141
416	121
417	90
418	88
419	135
420	49
421	78
422	57
423	101
424	102
425	71
426	82
427	72
428	59
429	111
430	52
431	55
432	60
433	85
434	130
435	66
436	86
437	71
438	73
439	99
440	36
441	73
442	81
443	58
444	101
445	72
446	59
447	73
448	66
449	96
450	71
451	67
452	69
453	80
454	98
455	58
456	66
457	59
458	59
459	102
460	58
461	66
462	70
463	64
464	111
465	77
466	63
467	51
468	68
469	115
470	41
471	74
472	47
473	41
474	104
475	69
476	41
477	66
478	43
479	129
480	62
481	66
482	53
483	90
484	97
485	50
486	57
487	58
488	74
489	115
490	43
491	55
492	41
493	72
494	97
495	57
496	46
497	57
498	76
499	151
500	48
501	63
502	66
503	38
504	102
505	79
506	32
507	57
508	61
509	87
510	59
511	90
512	61
513	65
514	104
515	38
516	64
517	64
518	63
519	105
520	58
521	57
522	49
523	74
524	95
525	63
526	51
527	41
528	54
529	122
530	53
531	66
532	46
533	68
534	82
535	62
536	47
537	45
538	59
539	81
540	48
541	93
542	65
543	69
544	61
545	32
546	63
547	58
548	65
549	79
550	54
551	37
552	32
553	63
554	80
555	36
556	45
557	42
558	72
559	67
560	56
561	73
562	42
563	50
564	63
565	51
566	39
567	44
568	62
569	64
570	49
571	44
572	55
573	68
574	62
575	36
576	58
577	43
578	40
579	77
580	28
581	47
582	73
583	69
584	101
585	49
586	48
587	55
588	54
589	82
590	46
591	59
592	51
593	68
594	60
595	38
596	48
597	69
598	51
599	81
600	61
601	36
602	30
603	57
604	71
605	51
606	54
607	46
608	37
609	65
610	44
611	41
612	61
613	49
614	75
615	43
616	48
617	52
618	40
619	80
620	33
621	45
622	63
623	51
624	73
625	41
626	56
627	49
628	49
629	84
630	58
631	34
632	53
633	75
634	82
635	56
636	45
637	35
638	60
639	65
640	46
641	47
642	33
643	51
644	61
645	67
646	39
647	33
648	68
649	66
650	51
651	51
652	49
653	59
654	60
655	47
656	50
657	50
658	49
659	77
660	54
661	57
662	51
663	55
664	88
665	45
666	51
667	50
668	74
669	77
670	46
671	38
672	45
673	53
674	77
675	53
676	42
677	54
678	62
679	56
680	41
681	64
682	41
683	53
684	63
685	33
686	33
687	53
688	55
689	55
690	36
691	57
692	32
693	43
694	56
695	42
696	37
697	35
698	43
699	56
700	39
701	12
702	7
703	14
704	22
705	11
706	8
707	11
708	9
709	14
710	6
711	6
712	2
713	5
714	8
715	10
716	9
717	5
718	5
719	4
720	7
721	5
722	4
723	2
724	3
725	1
726	3
727	3
728	1
729	1
730	1
731	2
733	2
734	1
737	1
740	1
741	1
744	1
747	1
