22	11
23	29
24	24
25	22
26	314
27	336
28	840
29	2065
30	2692
31	3848
32	6809
33	8177
34	7847
35	9765
36	12463
37	10777
38	13008
39	25014
40	49999
41	83214
42	115747
43	131537
44	126815
45	96270
46	62286
47	35780
48	25392
49	32582
50	53989
51	85767
52	122207
53	136617
54	135285
55	108154
56	72423
57	45757
58	27177
59	26506
60	37442
61	59916
62	89882
63	113480
64	121504
65	104893
66	71410
67	44659
68	27031
69	21243
70	24673
71	37097
72	55909
73	418
74	912
75	112466
76	116915
77	92934
78	26749
79	18179
80	17186
81	23172
82	31985
83	44009
84	52501
85	53823
86	46284
87	34296
88	22643
89	15227
90	11871
91	13568
92	17717
93	24865
94	31805
95	35917
96	33871
97	27117
98	18657
99	13345
100	9848
101	9054
102	11122
103	15376
104	19944
105	23610
106	23274
107	20511
108	15401
109	11417
110	8795
111	7344
112	7865
113	9499
114	12184
115	16127
116	16574
117	16265
118	14124
119	10771
120	8765
121	7502
122	7402
123	7455
124	9174
125	11241
126	12943
127	14250
128	14319
129	14436
130	18353
131	22759
132	18258
133	12748
134	10712
135	11811
136	15470
137	25227
138	33493
139	28995
140	35017
141	46558
142	43767
143	34060
144	29117
145	27972
146	30179
147	35940
148	41148
149	36947
150	35508
151	43390
152	51976
153	57146
154	61505
155	67308
156	73702
157	78962
158	75819
159	61836
160	47495
161	44923
162	52872
163	65940
164	82355
165	105135
166	130877
167	146994
168	137712
169	106420
170	74937
171	57339
172	53027
173	62005
174	79075
175	101988
176	124785
177	138155
178	135314
179	114461
180	90082
181	68611
182	58330
183	58775
184	67077
185	77690
186	90706
187	101542
188	105543
189	99103
190	84993
191	72366
192	62838
193	59658
194	59472
195	62680
196	68817
197	73823
198	78817
199	77278
200	71914
201	65669
202	60477
203	56978
204	54993
205	54285
206	54913
207	55421
208	56277
209	56094
210	53928
211	51857
212	49839
213	47149
214	44998
215	43395
216	41517
217	40289
218	39449
219	38800
220	37766
221	36580
222	35846
223	35081
224	33712
225	31852
226	30715
227	28764
228	27793
229	26125
230	25126
231	24714
232	24065
233	23898
234	22964
235	22189
236	20895
237	19381
238	18093
239	17010
240	15980
241	15743
242	15375
243	14832
244	14491
245	14222
246	13483
247	12536
248	11543
249	10827
250	10230
251	9770
252	9382
253	9070
254	9182
255	8775
256	8372
257	7887
258	7329
259	6541
260	6231
261	5875
262	5648
263	5609
264	5517
265	5381
266	5180
267	4864
268	4613
269	4329
270	3746
271	3683
272	3530
273	3425
274	3308
275	3317
276	3312
277	3064
278	3002
279	2944
280	2677
281	2701
282	2470
283	2341
284	2280
285	2350
286	2184
287	2293
288	2383
289	2549
290	2545
291	2564
292	2241
293	2230
294	2020
295	1851
296	1842
297	1908
298	2318
299	2497
300	2816
301	2850
302	2826
303	2513
304	2257
305	2027
306	1860
307	1932
308	2129
309	2576
310	2767
311	2978
312	3118
313	3092
314	2804
315	2477
316	2252
317	2159
318	2260
319	2475
320	2739
321	3065
322	3179
323	3315
324	3199
325	2978
326	2627
327	2363
328	2340
329	2573
330	2596
331	2892
332	3112
333	3205
334	3106
335	2954
336	2774
337	2600
338	2571
339	2417
340	2445
341	2530
342	2535
343	2577
344	2685
345	2667
346	2578
347	2430
348	2375
349	2260
350	2272
351	2107
352	2103
353	2056
354	2060
355	2126
356	2103
357	2190
358	2095
359	2047
360	1998
361	1887
362	1796
363	1709
364	1622
365	1655
366	1640
367	1643
368	1700
369	1705
370	1635
371	1515
372	1391
373	1351
374	1319
375	1254
376	1237
377	1177
378	1208
379	1185
380	1284
381	1122
382	1104
383	1010
384	988
385	894
386	913
387	828
388	881
389	864
390	890
391	883
392	764
393	792
394	726
395	614
396	646
397	609
398	627
399	632
400	568
401	539
402	539
403	509
404	534
405	506
406	439
407	387
408	415
409	429
410	368
411	403
412	372
413	372
414	372
415	356
416	332
417	327
418	274
419	282
420	268
421	250
422	262
423	197
424	242
425	245
426	194
427	199
428	187
429	167
430	139
431	158
432	161
433	181
434	165
435	188
436	147
437	136
438	108
439	158
440	107
441	130
442	102
443	123
444	129
445	128
446	117
447	99
448	110
449	107
450	104
451	81
452	72
453	99
454	67
455	90
456	98
457	109
458	81
459	97
460	91
461	72
462	95
463	94
464	76
465	84
466	77
467	70
468	40
469	83
470	62
471	88
472	66
473	77
474	71
475	69
476	73
477	70
478	67
479	75
480	62
481	71
482	64
483	101
484	55
485	54
486	54
487	70
488	58
489	84
490	60
491	62
492	52
493	97
494	77
495	59
496	59
497	56
498	91
499	71
500	54
501	74
502	78
503	72
504	68
505	65
506	65
507	64
508	100
509	79
510	66
511	67
512	67
513	75
514	73
515	76
516	81
517	67
518	112
519	94
520	53
521	66
522	73
523	61
524	58
525	56
526	62
527	66
528	61
529	74
530	63
531	61
532	55
533	58
534	52
535	54
536	68
537	73
538	68
539	59
540	55
541	78
542	50
543	60
544	50
545	55
546	49
547	61
548	63
549	72
550	61
551	58
552	39
553	40
554	41
555	52
556	55
557	32
558	48
559	68
560	51
561	46
562	42
563	43
564	42
565	54
566	51
567	34
568	37
569	47
570	51
571	33
572	39
573	68
574	52
575	56
576	42
577	49
578	38
579	41
580	31
581	47
582	32
583	44
584	48
585	56
586	34
587	54
588	22
589	48
590	22
591	51
592	30
593	33
594	37
595	34
596	52
597	31
598	40
599	53
600	31
601	17
602	39
603	44
604	47
605	25
606	43
607	29
608	23
609	44
610	23
611	31
612	29
613	47
614	44
615	46
616	26
617	35
618	36
619	43
620	30
621	35
622	35
623	33
624	24
625	41
626	20
627	32
628	35
629	46
630	26
631	25
632	27
633	43
634	47
635	24
636	39
637	29
638	29
639	69
640	27
641	34
642	33
643	20
644	28
645	42
646	39
647	44
648	36
649	42
650	25
651	39
652	36
653	31
654	34
655	23
656	43
657	43
658	36
659	33
660	31
661	25
662	38
663	45
664	34
665	22
666	33
667	31
668	43
669	53
670	25
671	35
672	43
673	25
674	43
675	41
676	44
677	21
678	38
679	51
680	35
681	51
682	37
683	48
684	46
685	43
686	33
687	48
688	32
689	38
690	30
691	27
692	35
693	36
694	31
695	31
696	31
697	27
698	27
699	31
700	23
701	3
702	6
703	3
704	2
706	1
708	2
710	1
711	2
712	1
713	1
715	2
718	3
722	1
729	2
731	2
735	1
736	2
