23	5
24	7
25	25
26	121
27	201
28	528
29	1163
30	1566
31	2127
32	3842
33	4423
34	3972
35	4265
36	5337
37	5237
38	6704
39	11820
40	21404
41	36216
42	51652
43	56527
44	57299
45	42432
46	31798
47	22611
48	17276
49	20936
50	28698
51	40885
52	54460
53	56184
54	57372
55	45115
56	35541
57	26408
58	17330
59	18472
60	21283
61	29451
62	40448
63	47376
64	53796
65	45504
66	34584
67	24696
68	17376
69	16020
70	16325
71	21240
72	28133
73	312
74	579
75	57814
76	61009
77	51690
78	19060
79	16344
80	13489
81	16661
82	20184
83	25033
84	30341
85	29402
86	27353
87	22276
88	16813
89	15078
90	11659
91	12414
92	14503
93	17729
94	22195
95	22625
96	21942
97	19865
98	15454
99	14059
100	11095
101	10420
102	11431
103	12977
104	17493
105	17826
106	18503
107	16962
108	14620
109	12636
110	9843
111	9508
112	9697
113	10362
114	13465
115	14310
116	15549
117	15753
118	14081
119	12517
120	10313
121	9470
122	9054
123	9292
124	11864
125	12434
126	13616
127	15306
128	16020
129	16211
130	16433
131	17902
132	15064
133	11788
134	11938
135	12497
136	14569
137	20118
138	25839
139	26972
140	31905
141	40730
142	36769
143	27476
144	23218
145	21715
146	23383
147	28206
148	33760
149	35217
150	40091
151	51058
152	52283
153	51041
154	52000
155	53536
156	58673
157	60876
158	58887
159	50752
160	42817
161	45444
162	51099
163	61589
164	74611
165	87861
166	108156
167	112936
168	103763
169	83821
170	62185
171	52116
172	50408
173	57524
174	72338
175	89197
176	105771
177	114916
178	108597
179	96240
180	78573
181	59639
182	52301
183	51970
184	60198
185	68338
186	76862
187	86035
188	87993
189	83760
190	71010
191	59982
192	53177
193	51028
194	54693
195	54657
196	60462
197	64675
198	67170
199	67269
200	60000
201	54671
202	50516
203	48410
204	48250
205	45729
206	47780
207	49210
208	50562
209	49908
210	47024
211	44556
212	42544
213	41088
214	39935
215	37600
216	37396
217	36366
218	37471
219	37518
220	34915
221	33666
222	31632
223	30295
224	30288
225	29030
226	28456
227	27564
228	26817
229	25853
230	24572
231	24140
232	23004
233	22053
234	21609
235	20371
236	19696
237	18777
238	18299
239	17717
240	16802
241	15950
242	16051
243	15305
244	14983
245	13880
246	13478
247	12911
248	12071
249	12068
250	10980
251	11168
252	10430
253	10223
254	10416
255	9676
256	9309
257	8612
258	8309
259	8199
260	7505
261	7501
262	7202
263	7116
264	7406
265	6623
266	6456
267	6138
268	6146
269	6040
270	5495
271	5457
272	5442
273	5497
274	5653
275	4979
276	5162
277	5022
278	5035
279	5397
280	4977
281	5110
282	5014
283	4835
284	4953
285	4288
286	4669
287	4942
288	5273
289	6115
290	6010
291	6262
292	6017
293	5589
294	5583
295	4850
296	4869
297	5500
298	6482
299	7861
300	8380
301	8799
302	8718
303	8102
304	7382
305	6423
306	6151
307	6319
308	7163
309	8542
310	9487
311	10340
312	10734
313	10317
314	9978
315	8497
316	8144
317	8076
318	8228
319	9750
320	10382
321	11334
322	11910
323	12043
324	12047
325	10927
326	10322
327	9724
328	9633
329	10583
330	10454
331	11244
332	11874
333	11888
334	12497
335	11361
336	11327
337	11005
338	10365
339	10922
340	10437
341	10799
342	10547
343	10688
344	11369
345	11218
346	11282
347	11201
348	10838
349	11244
350	10319
351	10190
352	9395
353	9568
354	9641
355	9519
356	9836
357	9707
358	9716
359	9951
360	9026
361	8775
362	8025
363	7754
364	8118
365	7688
366	7997
367	8059
368	8047
369	8286
370	7530
371	7402
372	6812
373	6575
374	6599
375	6083
376	6072
377	6252
378	6120
379	6357
380	6003
381	5852
382	5491
383	5108
384	5088
385	4709
386	4722
387	4837
388	4772
389	4952
390	4463
391	4474
392	4150
393	4017
394	4029
395	3528
396	3486
397	3429
398	3441
399	3540
400	3180
401	3314
402	3061
403	3000
404	3024
405	2547
406	2483
407	2395
408	2351
409	2595
410	2252
411	2290
412	2342
413	2301
414	2220
415	1936
416	1813
417	1703
418	1691
419	1916
420	1580
421	1642
422	1567
423	1450
424	1630
425	1351
426	1257
427	1198
428	1202
429	1509
430	1152
431	1136
432	1164
433	1108
434	1355
435	988
436	984
437	923
438	914
439	1101
440	860
441	934
442	881
443	900
444	1085
445	805
446	787
447	750
448	742
449	994
450	699
451	707
452	719
453	820
454	933
455	786
456	715
457	724
458	727
459	910
460	642
461	685
462	732
463	761
464	953
465	712
466	680
467	595
468	742
469	853
470	623
471	732
472	719
473	810
474	934
475	650
476	767
477	675
478	687
479	945
480	682
481	672
482	743
483	720
484	965
485	695
486	731
487	712
488	751
489	943
490	708
491	721
492	758
493	747
494	1007
495	728
496	773
497	711
498	770
499	971
500	666
501	677
502	687
503	740
504	938
505	757
506	800
507	751
508	865
509	936
510	749
511	726
512	701
513	804
514	822
515	701
516	736
517	869
518	931
519	977
520	723
521	701
522	690
523	700
524	814
525	670
526	684
527	735
528	805
529	844
530	659
531	628
532	604
533	601
534	726
535	600
536	621
537	584
538	699
539	760
540	633
541	624
542	520
543	549
544	646
545	464
546	533
547	565
548	578
549	694
550	472
551	489
552	479
553	528
554	603
555	452
556	484
557	447
558	586
559	683
560	453
561	427
562	390
563	482
564	541
565	407
566	403
567	378
568	485
569	560
570	369
571	352
572	436
573	503
574	521
575	362
576	347
577	384
578	393
579	510
580	310
581	351
582	364
583	378
584	485
585	376
586	322
587	291
588	343
589	481
590	282
591	329
592	298
593	283
594	446
595	269
596	297
597	276
598	334
599	440
600	248
601	249
602	280
603	299
604	394
605	238
606	276
607	244
608	318
609	463
610	249
611	275
612	333
613	252
614	399
615	251
616	236
617	286
618	292
619	407
620	277
621	301
622	304
623	278
624	412
625	249
626	317
627	284
628	320
629	421
630	263
631	264
632	292
633	302
634	460
635	239
636	288
637	245
638	326
639	411
640	231
641	275
642	266
643	302
644	415
645	294
646	287
647	252
648	308
649	384
650	274
651	313
652	297
653	330
654	428
655	260
656	258
657	267
658	354
659	411
660	239
661	306
662	309
663	353
664	436
665	285
666	277
667	286
668	423
669	429
670	219
671	274
672	284
673	412
674	467
675	352
676	270
677	285
678	385
679	474
680	324
681	274
682	251
683	376
684	439
685	301
686	278
687	270
688	440
689	591
690	306
691	300
692	282
693	306
694	366
695	261
696	240
697	291
698	343
699	422
700	271
701	103
702	116
703	108
704	97
705	85
706	64
707	52
708	75
709	61
710	54
711	57
712	33
713	39
714	48
715	42
716	41
717	24
718	37
719	49
720	27
721	25
722	20
723	18
724	25
725	17
726	16
727	16
728	14
729	15
730	26
731	24
732	13
733	12
734	13
735	6
736	7
737	7
738	10
739	7
740	1
741	8
742	3
743	2
744	3
745	4
746	1
747	1
748	6
749	2
750	1
751	1
753	1
754	2
759	1
761	2
765	1
766	1
777	1
