22	5
23	11
24	2
25	21
26	126
27	149
28	348
29	834
30	1101
31	1462
32	2585
33	3207
34	2964
35	4016
36	5283
37	4558
38	5471
39	10209
40	20118
41	32026
42	45889
43	50798
44	49796
45	39303
46	26365
47	15529
48	10723
49	13017
50	21025
51	33100
52	47429
53	53798
54	54480
55	45376
56	32241
57	20717
58	12557
59	11971
60	15965
61	24845
62	36620
63	46695
64	51126
65	43970
66	31325
67	20028
68	12651
69	9849
70	11034
71	16131
72	23059
73	218
74	601
75	54542
76	50826
77	40330
78	13050
79	9401
80	8290
81	10412
82	14127
83	18959
84	23260
85	24490
86	21557
87	16413
88	11120
89	7874
90	6228
91	6846
92	8288
93	11468
94	14759
95	16914
96	15921
97	12963
98	9532
99	7048
100	5412
101	5027
102	5742
103	7389
104	9542
105	11560
106	11335
107	10226
108	8327
109	6439
110	4799
111	4241
112	4349
113	5007
114	6322
115	7834
116	8370
117	8612
118	7631
119	5908
120	5169
121	4716
122	4310
123	4413
124	5102
125	6045
126	7264
127	8797
128	9054
129	8672
130	11469
131	14033
132	11260
133	7950
134	6510
135	7148
136	9113
137	15589
138	21684
139	20466
140	24618
141	33538
142	31290
143	24408
144	20385
145	19356
146	20986
147	24968
148	29305
149	27134
150	27092
151	34356
152	40764
153	46293
154	49900
155	54642
156	59717
157	62836
158	60607
159	49110
160	38809
161	37412
162	45137
163	57100
164	72619
165	91027
166	112119
167	124919
168	115316
169	90607
170	63772
171	49430
172	47411
173	55930
174	70930
175	92649
176	114549
177	126095
178	122138
179	103368
180	81021
181	62632
182	54073
183	54563
184	62114
185	73512
186	87592
187	97929
188	102141
189	94839
190	82646
191	69110
192	59799
193	57029
194	58667
195	63574
196	69571
197	75733
198	79436
199	78653
200	73195
201	66285
202	60481
203	56777
204	56544
205	56898
206	58784
207	59676
208	61219
209	60374
210	58582
211	56211
212	53851
213	51404
214	49304
215	48205
216	47284
217	46507
218	45961
219	45119
220	43921
221	42848
222	41158
223	40065
224	39155
225	37510
226	36015
227	34939
228	33319
229	32299
230	31230
231	30344
232	29898
233	29133
234	28409
235	27547
236	26574
237	25047
238	23416
239	21876
240	21314
241	20514
242	20020
243	19693
244	19399
245	18736
246	17879
247	16494
248	15681
249	14899
250	13919
251	13059
252	12823
253	12650
254	12609
255	12503
256	11858
257	11091
258	10276
259	9654
260	9153
261	8512
262	8085
263	8135
264	7928
265	7677
266	7471
267	7208
268	6796
269	6327
270	5929
271	5559
272	5330
273	5128
274	4971
275	5039
276	4927
277	4905
278	4942
279	4653
280	4310
281	4310
282	3986
283	3856
284	3702
285	3639
286	3740
287	3752
288	4051
289	4291
290	4387
291	4496
292	4261
293	3859
294	3457
295	3300
296	3267
297	3484
298	4128
299	4577
300	5493
301	5814
302	5706
303	5218
304	4727
305	3896
306	3864
307	3858
308	4185
309	5063
310	6049
311	6764
312	7093
313	6878
314	6290
315	5681
316	4996
317	4775
318	4828
319	5551
320	6430
321	7276
322	7941
323	8078
324	7976
325	7281
326	6605
327	6142
328	5910
329	6093
330	6572
331	7348
332	7787
333	8189
334	8197
335	7899
336	7588
337	7010
338	6786
339	6734
340	6673
341	7053
342	7258
343	7320
344	7549
345	7604
346	7656
347	7384
348	7236
349	6811
350	6381
351	6585
352	6501
353	6414
354	6769
355	6584
356	6802
357	6987
358	6903
359	6900
360	6348
361	6108
362	5908
363	5680
364	5540
365	5438
366	5480
367	5877
368	5802
369	5918
370	5762
371	5414
372	5155
373	4821
374	4648
375	4527
376	4565
377	4508
378	4561
379	4584
380	4525
381	4482
382	4212
383	3998
384	3796
385	3546
386	3480
387	3501
388	3463
389	3553
390	3502
391	3515
392	3384
393	3103
394	2941
395	2853
396	2707
397	2542
398	2591
399	2510
400	2539
401	2496
402	2514
403	2465
404	2265
405	2107
406	1982
407	1901
408	1885
409	1790
410	1766
411	1759
412	1700
413	1705
414	1618
415	1489
416	1464
417	1344
418	1258
419	1279
420	1240
421	1214
422	1237
423	1171
424	1116
425	1083
426	1005
427	958
428	891
429	871
430	833
431	786
432	777
433	803
434	788
435	741
436	615
437	641
438	594
439	623
440	507
441	548
442	522
443	517
444	513
445	503
446	462
447	422
448	429
449	413
450	447
451	430
452	368
453	415
454	400
455	389
456	348
457	331
458	342
459	316
460	304
461	314
462	350
463	321
464	317
465	299
466	296
467	282
468	266
469	268
470	281
471	260
472	250
473	257
474	279
475	276
476	281
477	246
478	206
479	229
480	242
481	219
482	268
483	231
484	251
485	249
486	231
487	240
488	249
489	218
490	233
491	226
492	214
493	190
494	240
495	217
496	208
497	223
498	246
499	234
500	219
501	198
502	210
503	217
504	228
505	238
506	237
507	196
508	243
509	236
510	188
511	222
512	198
513	233
514	174
515	198
516	194
517	214
518	234
519	188
520	203
521	197
522	193
523	169
524	164
525	184
526	181
527	183
528	188
529	205
530	180
531	138
532	151
533	155
534	151
535	155
536	152
537	147
538	163
539	155
540	181
541	146
542	138
543	132
544	126
545	136
546	143
547	128
548	129
549	167
550	111
551	111
552	122
553	119
554	114
555	106
556	110
557	110
558	136
559	132
560	110
561	91
562	108
563	117
564	93
565	81
566	87
567	89
568	85
569	87
570	83
571	67
572	94
573	97
574	79
575	64
576	89
577	72
578	63
579	89
580	71
581	79
582	71
583	78
584	62
585	71
586	66
587	54
588	59
589	75
590	73
591	65
592	53
593	52
594	51
595	44
596	49
597	54
598	50
599	41
600	50
601	46
602	33
603	48
604	48
605	32
606	38
607	54
608	42
609	34
610	42
611	45
612	42
613	43
614	38
615	45
616	50
617	36
618	34
619	36
620	33
621	34
622	40
623	39
624	41
625	39
626	37
627	44
628	37
629	30
630	28
631	27
632	23
633	38
634	41
635	27
636	34
637	25
638	29
639	60
640	30
641	33
642	35
643	30
644	32
645	21
646	21
647	34
648	25
649	43
650	35
651	25
652	31
653	27
654	31
655	31
656	32
657	26
658	26
659	36
660	37
661	46
662	30
663	30
664	24
665	31
666	25
667	25
668	38
669	35
670	26
671	39
672	35
673	33
674	38
675	19
676	27
677	22
678	28
679	27
680	26
681	27
682	24
683	30
684	33
685	21
686	25
687	26
688	22
689	37
690	32
691	27
692	31
693	31
694	21
695	21
696	34
697	25
698	34
699	26
700	18
701	4
702	3
703	2
704	3
705	5
706	4
707	2
708	1
709	1
711	1
717	1
719	1
724	4
730	1
742	1
