22	3
23	18
24	16
25	39
26	188
27	280
28	666
29	1415
30	1987
31	2691
32	4691
33	6111
34	5501
35	7334
36	9684
37	9095
38	10689
39	19791
40	39226
41	64848
42	89872
43	102227
44	97264
45	75445
46	50007
47	29554
48	20453
49	24339
50	38061
51	59705
52	84129
53	94089
54	94588
55	76090
56	55084
57	35225
58	21914
59	20371
60	26986
61	41096
62	61786
63	77458
64	84273
65	72431
66	51385
67	33699
68	21372
69	17048
70	18710
71	26786
72	39116
73	353
74	872
75	95588
76	88060
77	70074
78	23022
79	16516
80	14797
81	18472
82	25322
83	33128
84	41223
85	42872
86	37793
87	29181
88	20222
89	14757
90	11686
91	12477
92	15764
93	21002
94	25962
95	30079
96	28002
97	23150
98	17288
99	13227
100	10458
101	9696
102	11088
103	13664
104	18153
105	21197
106	20549
107	19034
108	15183
109	11895
110	9460
111	8506
112	8858
113	10164
114	12630
115	14949
116	16241
117	16085
118	13957
119	11234
120	9839
121	8737
122	8518
123	8850
124	10164
125	12108
126	13089
127	15275
128	15307
129	15041
130	18435
131	21549
132	17686
133	13364
134	11700
135	12890
136	15971
137	24390
138	31917
139	28774
140	34223
141	44978
142	42152
143	33400
144	28541
145	27919
146	29863
147	35605
148	40033
149	37377
150	36321
151	44288
152	51890
153	57584
154	62270
155	68723
156	74902
157	79735
158	75732
159	61969
160	48828
161	46506
162	54293
163	67613
164	84897
165	107384
166	131420
167	146514
168	137438
169	106358
170	76079
171	58238
172	55149
173	64071
174	82270
175	105225
176	128067
177	141089
178	137470
179	117010
180	91972
181	72052
182	61108
183	61538
184	69718
185	80479
186	94630
187	106824
188	111751
189	102889
190	90535
191	76753
192	66241
193	62741
194	63517
195	66333
196	73300
197	79451
198	85371
199	83362
200	77738
201	70570
202	64365
203	60449
204	59546
205	58439
206	59783
207	60979
208	62841
209	61750
210	60384
211	57905
212	54493
213	52755
214	49800
215	48033
216	46865
217	45553
218	45630
219	44682
220	43553
221	42221
222	41119
223	39911
224	38607
225	36432
226	34242
227	33378
228	31903
229	30752
230	30196
231	29669
232	28521
233	28120
234	27330
235	26549
236	24731
237	23306
238	21760
239	20452
240	19924
241	19280
242	19301
243	18630
244	18374
245	17206
246	16407
247	15332
248	14356
249	13732
250	12938
251	12449
252	12089
253	11965
254	11497
255	11156
256	11008
257	10072
258	9440
259	8841
260	8335
261	8012
262	7560
263	7499
264	7409
265	7154
266	6845
267	6684
268	6233
269	5847
270	5590
271	5307
272	5028
273	4945
274	4744
275	4789
276	4676
277	4598
278	4623
279	4237
280	4170
281	4020
282	3958
283	3673
284	3573
285	3467
286	3574
287	3595
288	3723
289	3992
290	4102
291	4062
292	3847
293	3624
294	3396
295	3253
296	3124
297	3296
298	3788
299	4282
300	4724
301	4995
302	4921
303	4568
304	4165
305	3787
306	3603
307	3513
308	3979
309	4392
310	5132
311	5622
312	5842
313	5769
314	5485
315	4742
316	4343
317	4280
318	4362
319	4853
320	5255
321	6109
322	6628
323	6797
324	6720
325	6207
326	5740
327	5427
328	5081
329	5319
330	5758
331	6107
332	6452
333	6917
334	6986
335	6414
336	6382
337	6122
338	5891
339	5829
340	5700
341	5829
342	6060
343	6033
344	6337
345	6323
346	6497
347	6225
348	6063
349	5907
350	5479
351	5562
352	5417
353	5499
354	5449
355	5620
356	5630
357	5829
358	5805
359	5624
360	5295
361	5075
362	4916
363	4720
364	4740
365	4774
366	4762
367	4851
368	4994
369	4947
370	4747
371	4424
372	4195
373	4172
374	3957
375	3757
376	3865
377	3916
378	3940
379	3964
380	3840
381	3744
382	3567
383	3273
384	3156
385	3003
386	3001
387	2973
388	3024
389	3132
390	2996
391	2914
392	2845
393	2598
394	2509
395	2354
396	2289
397	2246
398	2328
399	2267
400	2179
401	2104
402	2165
403	1979
404	1857
405	1820
406	1744
407	1672
408	1557
409	1599
410	1560
411	1591
412	1515
413	1491
414	1371
415	1317
416	1271
417	1122
418	1132
419	1168
420	1074
421	1088
422	1035
423	999
424	921
425	856
426	831
427	833
428	787
429	726
430	697
431	744
432	713
433	667
434	698
435	625
436	604
437	556
438	551
439	544
440	562
441	535
442	459
443	481
444	495
445	464
446	427
447	395
448	402
449	416
450	352
451	352
452	404
453	404
454	325
455	342
456	337
457	345
458	314
459	337
460	313
461	280
462	319
463	286
464	286
465	302
466	297
467	287
468	225
469	239
470	265
471	254
472	236
473	233
474	256
475	252
476	269
477	238
478	209
479	241
480	221
481	227
482	263
483	252
484	212
485	269
486	245
487	232
488	260
489	237
490	215
491	239
492	235
493	241
494	232
495	226
496	274
497	230
498	242
499	233
500	225
501	218
502	188
503	242
504	210
505	261
506	254
507	217
508	253
509	255
510	213
511	196
512	192
513	235
514	228
515	215
516	262
517	250
518	243
519	217
520	226
521	211
522	215
523	222
524	212
525	197
526	218
527	212
528	222
529	197
530	207
531	207
532	190
533	174
534	165
535	175
536	178
537	177
538	183
539	204
540	165
541	187
542	170
543	175
544	165
545	155
546	173
547	162
548	184
549	154
550	155
551	151
552	144
553	145
554	131
555	134
556	138
557	130
558	154
559	135
560	142
561	128
562	126
563	106
564	112
565	124
566	109
567	135
568	115
569	131
570	106
571	115
572	109
573	115
574	98
575	107
576	106
577	96
578	83
579	107
580	82
581	94
582	112
583	114
584	76
585	78
586	77
587	71
588	84
589	68
590	81
591	80
592	77
593	55
594	81
595	79
596	54
597	74
598	53
599	68
600	67
601	63
602	56
603	51
604	61
605	56
606	46
607	58
608	49
609	64
610	52
611	52
612	46
613	43
614	55
615	50
616	46
617	46
618	47
619	45
620	39
621	61
622	59
623	45
624	55
625	40
626	38
627	53
628	24
629	44
630	51
631	47
632	47
633	49
634	57
635	39
636	30
637	39
638	35
639	60
640	48
641	44
642	38
643	31
644	41
645	43
646	67
647	46
648	31
649	52
650	36
651	53
652	38
653	37
654	39
655	36
656	45
657	50
658	29
659	48
660	30
661	26
662	46
663	33
664	31
665	35
666	29
667	53
668	35
669	53
670	34
671	36
672	31
673	48
674	38
675	40
676	43
677	32
678	43
679	39
680	42
681	47
682	32
683	45
684	48
685	27
686	37
687	50
688	39
689	36
690	27
691	26
692	43
693	37
694	38
695	32
696	27
697	24
698	33
699	34
700	30
701	2
702	4
703	2
704	1
705	3
707	2
708	1
709	1
710	2
711	1
714	3
716	2
717	4
718	1
719	1
720	1
722	2
725	1
736	2
741	1
746	2
750	2
760	1
