22	25
23	147
24	197
25	324
26	492
27	1408
28	3903
29	11563
30	18578
31	30179
32	52213
33	67788
34	68125
35	61876
36	62856
37	51860
38	54292
39	91999
40	163550
41	267562
42	376953
43	417889
44	427196
45	332013
46	256897
47	174290
48	121082
49	135838
50	183088
51	273746
52	379794
53	419878
54	451541
55	373298
56	293081
57	217291
58	139730
59	124378
60	137530
61	194072
62	280977
63	353654
64	407958
65	362458
66	278751
67	203153
68	136540
69	114527
70	106535
71	135691
72	182643
73	1996
74	3796
75	434010
76	442776
77	373519
78	143028
79	108720
80	86031
81	94959
82	113132
83	144547
84	178008
85	187346
86	175706
87	152023
88	113679
89	90806
90	67254
91	62658
92	67877
93	85374
94	107668
95	122556
96	121495
97	108495
98	87056
99	72316
100	56241
101	46391
102	46770
103	53044
104	65759
105	76284
106	78900
107	76527
108	66358
109	54656
110	44224
111	36531
112	33397
113	34414
114	40600
115	46783
116	50962
117	55045
118	50766
119	42852
120	36374
121	29804
122	26193
123	24862
124	27396
125	31167
126	34718
127	38074
128	38451
129	36805
130	34506
131	33964
132	28416
133	22994
134	22021
135	23580
136	26585
137	33665
138	37941
139	36161
140	36933
141	40619
142	36550
143	30027
144	27158
145	26375
146	28103
147	31811
148	35188
149	33590
150	32177
151	33045
152	33816
153	35366
154	36448
155	37026
156	40364
157	41844
158	40285
159	36075
160	29001
161	26624
162	26568
163	29936
164	34817
165	41274
166	48395
167	51025
168	48224
169	41301
170	30534
171	25615
172	22370
173	23889
174	27482
175	31949
176	36622
177	40109
178	38162
179	35303
180	28564
181	23053
182	19535
183	18856
184	20023
185	21005
186	23293
187	24948
188	26750
189	26056
190	22681
191	19067
192	16656
193	15267
194	15402
195	15286
196	16038
197	16759
198	17843
199	17682
200	16029
201	14753
202	13143
203	12135
204	11806
205	10985
206	11360
207	11495
208	11740
209	11725
210	10908
211	10318
212	9412
213	9273
214	8971
215	8256
216	7799
217	7880
218	7655
219	8101
220	7329
221	7111
222	6766
223	6255
224	6174
225	5990
226	5662
227	5437
228	5246
229	5303
230	4914
231	4963
232	4644
233	4320
234	4261
235	4071
236	3758
237	3931
238	3363
239	3495
240	3175
241	3230
242	3149
243	3148
244	3037
245	2699
246	2676
247	2585
248	2296
249	2851
250	2223
251	2188
252	1988
253	2036
254	2106
255	2083
256	1875
257	1752
258	1615
259	1929
260	1510
261	1765
262	1479
263	1475
264	1530
265	1312
266	1299
267	1382
268	1305
269	1413
270	1083
271	1151
272	1034
273	1286
274	1226
275	1045
276	1002
277	999
278	991
279	1292
280	913
281	968
282	909
283	918
284	1012
285	874
286	753
287	828
288	749
289	1043
290	735
291	970
292	836
293	743
294	905
295	670
296	706
297	796
298	731
299	926
300	636
301	717
302	669
303	814
304	822
305	672
306	653
307	605
308	616
309	975
310	620
311	594
312	556
313	604
314	805
315	715
316	607
317	580
318	523
319	855
320	543
321	682
322	530
323	561
324	763
325	471
326	547
327	654
328	484
329	732
330	449
331	563
332	485
333	602
334	677
335	421
336	479
337	518
338	451
339	737
340	395
341	463
342	450
343	426
344	584
345	490
346	435
347	389
348	426
349	664
350	415
351	475
352	380
353	392
354	602
355	306
356	421
357	434
358	415
359	616
360	308
361	469
362	366
363	399
364	547
365	347
366	360
367	345
368	360
369	679
370	343
371	421
372	325
373	411
374	528
375	341
376	352
377	359
378	312
379	552
380	352
381	384
382	379
383	431
384	571
385	373
386	334
387	407
388	369
389	525
390	325
391	378
392	332
393	453
394	570
395	378
396	332
397	384
398	329
399	504
400	319
401	341
402	332
403	349
404	447
405	386
406	339
407	352
408	316
409	469
410	297
411	434
412	454
413	584
414	662
415	655
416	430
417	364
418	304
419	476
420	207
421	290
422	265
423	324
424	449
425	256
426	247
427	277
428	262
429	470
430	255
431	270
432	247
433	293
434	473
435	294
436	281
437	246
438	274
439	453
440	202
441	356
442	243
443	274
444	368
445	290
446	225
447	265
448	284
449	457
450	216
451	306
452	281
453	298
454	396
455	229
456	260
457	327
458	269
459	458
460	242
461	276
462	287
463	304
464	499
465	276
466	301
467	226
468	239
469	460
470	245
471	286
472	214
473	236
474	398
475	279
476	251
477	225
478	260
479	381
480	229
481	260
482	219
483	259
484	375
485	255
486	236
487	242
488	233
489	505
490	210
491	238
492	231
493	304
494	411
495	257
496	198
497	206
498	304
499	549
500	250
501	285
502	233
503	287
504	423
505	309
506	264
507	234
508	264
509	419
510	240
511	348
512	262
513	297
514	388
515	232
516	212
517	349
518	281
519	414
520	220
521	321
522	290
523	323
524	395
525	281
526	266
527	239
528	278
529	384
530	277
531	270
532	172
533	230
534	325
535	306
536	221
537	308
538	273
539	309
540	230
541	326
542	242
543	321
544	301
545	193
546	225
547	264
548	277
549	334
550	174
551	250
552	180
553	303
554	356
555	291
556	221
557	216
558	240
559	362
560	239
561	273
562	226
563	214
564	323
565	224
566	232
567	239
568	254
569	336
570	200
571	184
572	201
573	312
574	337
575	237
576	204
577	258
578	274
579	386
580	204
581	216
582	318
583	283
584	349
585	302
586	249
587	257
588	220
589	305
590	214
591	275
592	191
593	208
594	323
595	185
596	197
597	288
598	210
599	324
600	212
601	184
602	182
603	278
604	285
605	168
606	194
607	185
608	220
609	336
610	194
611	201
612	231
613	244
614	269
615	230
616	180
617	231
618	205
619	352
620	192
621	276
622	244
623	231
624	317
625	208
626	205
627	290
628	219
629	295
630	194
631	235
632	191
633	316
634	313
635	217
636	187
637	185
638	231
639	377
640	198
641	181
642	184
643	302
644	263
645	269
646	202
647	223
648	236
649	285
650	197
651	244
652	200
653	241
654	283
655	191
656	204
657	278
658	239
659	341
660	217
661	237
662	224
663	299
664	333
665	206
666	233
667	239
668	284
669	340
670	211
671	219
672	207
673	288
674	273
675	245
676	188
677	200
678	297
679	327
680	199
681	286
682	181
683	252
684	270
685	195
686	189
687	257
688	206
689	307
690	201
691	197
692	185
693	251
694	246
695	183
696	140
697	169
698	178
699	230
700	176
701	63
702	53
703	67
704	58
705	47
706	31
707	42
708	47
709	46
710	34
711	32
712	16
713	17
714	31
715	31
716	14
717	20
718	23
719	12
720	24
721	8
722	11
723	7
724	6
725	10
726	5
727	7
728	6
729	11
730	9
731	7
732	1
733	8
734	7
735	7
736	3
737	2
738	2
739	4
740	4
741	3
742	3
743	1
744	3
747	7
755	1
764	1
