22	4
23	16
24	6
25	35
26	251
27	322
28	818
29	1604
30	2224
31	2663
32	4676
33	5881
34	5921
35	8221
36	11091
37	10839
38	13252
39	23819
40	44973
41	72651
42	100589
43	112169
44	109724
45	84983
46	60809
47	37932
48	29008
49	34150
50	55190
51	85588
52	117829
53	132167
54	129155
55	107619
56	78169
57	53580
58	34341
59	34814
60	45177
61	70233
62	101070
63	127880
64	138334
65	121039
66	90446
67	61088
68	40445
69	33144
70	37191
71	52212
72	74637
73	546
74	1362
75	145308
76	166229
77	137204
78	46015
79	34002
80	32140
81	41126
82	52896
83	71609
84	84483
85	86065
86	80022
87	61628
88	44147
89	32362
90	26987
91	29064
92	37712
93	50335
94	64680
95	67569
96	64793
97	57210
98	41675
99	33044
100	26155
101	24272
102	27716
103	35562
104	49229
105	53523
106	55672
107	47444
108	39503
109	30636
110	24000
111	21834
112	22140
113	26939
114	33644
115	40841
116	44527
117	44068
118	37523
119	29136
120	23543
121	19829
122	19006
123	22218
124	27069
125	31809
126	35736
127	37879
128	34477
129	28498
130	25755
131	21458
132	20311
133	19733
134	21921
135	27361
136	30931
137	35195
138	36690
139	31291
140	30886
141	29836
142	27120
143	25133
144	26024
145	29107
146	31761
147	36962
148	38912
149	34912
150	33805
151	34399
152	34224
153	38014
154	42788
155	49391
156	55738
157	58445
158	54767
159	46736
160	38994
161	36790
162	38700
163	47369
164	58631
165	75371
166	93383
167	102281
168	94498
169	74801
170	55099
171	45232
172	41002
173	46652
174	57636
175	75031
176	91731
177	101963
178	96691
179	82296
180	67849
181	52546
182	46102
183	46674
184	51095
185	60673
186	71557
187	81266
188	84629
189	78341
190	67426
191	57235
192	50289
193	48238
194	49366
195	52853
196	59554
197	65302
198	68607
199	67904
200	63158
201	55993
202	51840
203	48887
204	48804
205	49552
206	52243
207	53842
208	56385
209	56567
210	53595
211	51330
212	48404
213	46815
214	44857
215	44339
216	44148
217	45033
218	45377
219	45410
220	44562
221	42952
222	41338
223	39853
224	38669
225	38391
226	37904
227	37162
228	36890
229	36556
230	36005
231	34799
232	34567
233	33397
234	33137
235	32082
236	30841
237	29978
238	28863
239	28758
240	28246
241	27489
242	27447
243	27017
244	25635
245	25746
246	24871
247	23567
248	22823
249	22003
250	21745
251	21312
252	21544
253	20953
254	20482
255	20269
256	19849
257	18829
258	18312
259	17075
260	16937
261	16934
262	16375
263	16240
264	16395
265	15984
266	15394
267	14700
268	14322
269	13383
270	13181
271	13010
272	13033
273	12675
274	12585
275	12726
276	12223
277	12329
278	11877
279	11517
280	10757
281	10904
282	10687
283	10302
284	10435
285	10114
286	10004
287	10445
288	10210
289	9984
290	10037
291	9797
292	9682
293	8982
294	9119
295	8833
296	8751
297	9092
298	9328
299	9620
300	9889
301	9708
302	9550
303	9031
304	8634
305	8273
306	7902
307	7924
308	8251
309	8588
310	8569
311	8956
312	9167
313	8850
314	8594
315	8414
316	7924
317	7963
318	7775
319	7774
320	8137
321	8486
322	8381
323	8541
324	8407
325	8401
326	8127
327	7906
328	7595
329	7505
330	7743
331	7809
332	7594
333	7809
334	7675
335	7934
336	7617
337	7629
338	7473
339	7383
340	7085
341	7099
342	6747
343	6945
344	6877
345	6947
346	6873
347	7064
348	7041
349	6767
350	6657
351	6241
352	5986
353	6008
354	5806
355	5910
356	6050
357	6206
358	6147
359	6067
360	5931
361	5813
362	5462
363	5056
364	5096
365	5074
366	5077
367	5179
368	5272
369	5395
370	5198
371	5040
372	4707
373	4495
374	4219
375	4212
376	4199
377	4276
378	4227
379	4228
380	4314
381	4222
382	4176
383	3831
384	3570
385	3434
386	3388
387	3379
388	3401
389	3529
390	3452
391	3584
392	3320
393	3154
394	3090
395	2901
396	2823
397	2724
398	2790
399	2795
400	2934
401	2829
402	2697
403	2632
404	2497
405	2416
406	2388
407	2201
408	2163
409	2280
410	2195
411	2234
412	2172
413	2222
414	2184
415	1929
416	1850
417	1780
418	1777
419	1738
420	1887
421	1722
422	1762
423	1744
424	1779
425	1642
426	1529
427	1501
428	1394
429	1359
430	1344
431	1461
432	1342
433	1404
434	1356
435	1301
436	1281
437	1143
438	1122
439	1169
440	1132
441	1162
442	1215
443	1113
444	1099
445	1046
446	1034
447	1011
448	934
449	985
450	887
451	874
452	887
453	865
454	867
455	862
456	801
457	811
458	761
459	780
460	729
461	730
462	693
463	765
464	721
465	751
466	732
467	656
468	663
469	597
470	624
471	591
472	652
473	571
474	608
475	560
476	551
477	579
478	586
479	518
480	469
481	487
482	513
483	505
484	547
485	515
486	480
487	491
488	449
489	459
490	452
491	442
492	393
493	406
494	447
495	414
496	410
497	408
498	396
499	435
500	411
501	377
502	366
503	343
504	393
505	409
506	412
507	390
508	379
509	314
510	299
511	339
512	312
513	342
514	301
515	281
516	290
517	332
518	331
519	297
520	304
521	291
522	305
523	287
524	284
525	279
526	234
527	254
528	269
529	320
530	241
531	242
532	234
533	216
534	213
535	248
536	201
537	216
538	209
539	239
540	203
541	192
542	196
543	174
544	197
545	173
546	173
547	201
548	175
549	166
550	153
551	163
552	136
553	141
554	165
555	153
556	140
557	168
558	161
559	128
560	152
561	150
562	138
563	136
564	124
565	116
566	116
567	115
568	117
569	110
570	126
571	103
572	100
573	111
574	100
575	99
576	104
577	107
578	89
579	126
580	105
581	88
582	105
583	89
584	75
585	79
586	89
587	81
588	98
589	83
590	66
591	90
592	84
593	64
594	79
595	47
596	55
597	62
598	76
599	70
600	56
601	56
602	44
603	74
604	73
605	45
606	56
607	65
608	70
609	72
610	59
611	44
612	46
613	54
614	61
615	67
616	58
617	45
618	39
619	63
620	47
621	56
622	57
623	45
624	60
625	35
626	43
627	56
628	46
629	47
630	31
631	42
632	41
633	61
634	47
635	33
636	40
637	41
638	40
639	53
640	35
641	41
642	44
643	28
644	51
645	53
646	36
647	36
648	37
649	41
650	30
651	56
652	37
653	35
654	33
655	32
656	29
657	47
658	38
659	42
660	27
661	35
662	21
663	46
664	38
665	22
666	28
667	30
668	39
669	50
670	36
671	34
672	41
673	40
674	26
675	47
676	31
677	26
678	24
679	38
680	24
681	43
682	33
683	37
684	24
685	30
686	28
687	33
688	29
689	43
690	22
691	26
692	32
693	41
694	34
695	29
696	21
697	28
698	34
699	43
700	21
701	5
702	4
703	5
704	9
705	3
706	2
707	4
708	3
709	3
710	2
711	3
713	2
714	6
715	1
716	4
717	3
718	3
719	2
720	2
721	1
724	1
725	3
728	2
729	2
730	1
732	1
733	1
734	1
738	3
