22	3
23	61
24	16
25	79
26	255
27	543
28	973
29	2076
30	2660
31	3693
32	6724
33	8083
34	7166
35	9872
36	13077
37	12598
38	15169
39	27893
40	51035
41	81832
42	111551
43	125298
44	119883
45	91746
46	62064
47	37674
48	27360
49	33021
50	49709
51	74328
52	102436
53	111185
54	110423
55	91797
56	63736
57	43241
58	27292
59	25970
60	33543
61	50550
62	73466
63	90763
64	96898
65	83740
66	59523
67	40208
68	26037
69	21362
70	24068
71	33286
72	46072
73	355
74	821
75	91405
76	97644
77	78904
78	26277
79	19521
80	17860
81	22054
82	28915
83	37610
84	44731
85	45722
86	39635
87	31812
88	22327
89	16314
90	13536
91	14579
92	18247
93	23512
94	28821
95	31745
96	29991
97	24413
98	18644
99	14352
100	11421
101	10666
102	12618
103	15544
104	18721
105	22225
106	21616
107	19820
108	16066
109	12235
110	9806
111	9192
112	9544
113	10902
114	13500
115	15755
116	16744
117	16171
118	14388
119	11757
120	10421
121	10024
122	9090
123	9245
124	10529
125	12496
126	13582
127	15604
128	15719
129	15401
130	19179
131	22703
132	18659
133	13609
134	12439
135	13092
136	16495
137	24520
138	31582
139	28989
140	35136
141	45284
142	42978
143	33455
144	28704
145	27994
146	30170
147	34816
148	39966
149	36712
150	36442
151	44843
152	50969
153	55959
154	58645
155	65493
156	71814
157	75415
158	71685
159	58504
160	45273
161	44745
162	51698
163	63726
164	78531
165	97244
166	120127
167	132834
168	123994
169	96249
170	69210
171	54448
172	51947
173	59237
174	74612
175	95333
176	114741
177	126780
178	122702
179	105281
180	83160
181	64728
182	56440
183	56400
184	63346
185	74292
186	84441
187	93849
188	98693
189	91945
190	79334
191	66995
192	60044
193	56494
194	55932
195	60049
196	65003
197	69968
198	74143
199	71742
200	67445
201	61406
202	56559
203	52967
204	51079
205	50923
206	51533
207	52773
208	54291
209	52330
210	51878
211	49909
212	47438
213	45244
214	42616
215	40896
216	39612
217	39205
218	38388
219	37929
220	37045
221	35553
222	34661
223	33660
224	32219
225	31367
226	29028
227	27874
228	26799
229	25449
230	25224
231	24385
232	23669
233	23465
234	22705
235	21874
236	20657
237	18975
238	18123
239	16937
240	16112
241	15762
242	15789
243	15134
244	14786
245	14608
246	13906
247	12474
248	12021
249	11188
250	10617
251	9876
252	10209
253	9492
254	9437
255	9272
256	9022
257	8434
258	7935
259	7237
260	6924
261	6747
262	6343
263	6196
264	5943
265	6115
266	5860
267	5525
268	5252
269	4890
270	4695
271	4554
272	4365
273	4328
274	4266
275	3829
276	4043
277	3878
278	3882
279	3806
280	3662
281	3571
282	3356
283	3213
284	3137
285	2932
286	3040
287	3181
288	3265
289	3599
290	3637
291	3626
292	3483
293	3303
294	3090
295	2863
296	2796
297	3095
298	3329
299	4106
300	4526
301	4641
302	4531
303	4415
304	3815
305	3456
306	3315
307	3322
308	3633
309	4258
310	4960
311	5547
312	5675
313	5563
314	5038
315	4531
316	4102
317	4074
318	4217
319	4613
320	5403
321	6000
322	6410
323	6550
324	6221
325	5764
326	5362
327	4955
328	4714
329	5097
330	5321
331	5959
332	6201
333	6549
334	6497
335	6193
336	5929
337	5517
338	5385
339	5163
340	5311
341	5493
342	5478
343	5629
344	5891
345	6045
346	5586
347	5711
348	5444
349	5323
350	5189
351	5125
352	5005
353	4990
354	4969
355	5141
356	4991
357	5153
358	5033
359	5093
360	4803
361	4792
362	4375
363	4129
364	4113
365	4128
366	4161
367	4354
368	4302
369	4280
370	4070
371	4015
372	3785
373	3645
374	3481
375	3323
376	3375
377	3346
378	3401
379	3444
380	3311
381	3253
382	3097
383	2944
384	2883
385	2566
386	2613
387	2571
388	2541
389	2548
390	2520
391	2590
392	2377
393	2368
394	2148
395	2057
396	1986
397	1953
398	1869
399	1857
400	1753
401	1856
402	1684
403	1586
404	1609
405	1504
406	1438
407	1327
408	1267
409	1302
410	1294
411	1262
412	1221
413	1166
414	1211
415	985
416	1022
417	961
418	884
419	934
420	888
421	896
422	859
423	753
424	767
425	711
426	648
427	621
428	608
429	634
430	588
431	590
432	574
433	558
434	535
435	543
436	503
437	471
438	485
439	442
440	432
441	422
442	359
443	371
444	356
445	360
446	332
447	327
448	326
449	341
450	314
451	319
452	334
453	312
454	292
455	261
456	251
457	292
458	276
459	273
460	269
461	233
462	223
463	244
464	241
465	211
466	260
467	233
468	233
469	236
470	198
471	217
472	232
473	200
474	225
475	216
476	212
477	230
478	234
479	223
480	215
481	175
482	216
483	231
484	244
485	215
486	208
487	205
488	205
489	234
490	184
491	182
492	181
493	191
494	207
495	221
496	230
497	205
498	215
499	236
500	225
501	198
502	226
503	193
504	219
505	233
506	237
507	244
508	314
509	259
510	237
511	239
512	209
513	206
514	199
515	223
516	228
517	225
518	255
519	232
520	216
521	181
522	234
523	213
524	183
525	200
526	212
527	195
528	209
529	234
530	200
531	219
532	142
533	194
534	153
535	172
536	177
537	197
538	202
539	204
540	167
541	171
542	158
543	177
544	141
545	131
546	114
547	146
548	139
549	177
550	130
551	117
552	123
553	108
554	130
555	144
556	120
557	142
558	145
559	155
560	110
561	131
562	108
563	107
564	92
565	98
566	114
567	117
568	96
569	101
570	104
571	122
572	89
573	99
574	99
575	80
576	86
577	94
578	74
579	103
580	66
581	80
582	74
583	88
584	84
585	71
586	79
587	89
588	77
589	74
590	75
591	89
592	63
593	43
594	72
595	60
596	67
597	59
598	44
599	60
600	55
601	65
602	51
603	62
604	40
605	46
606	46
607	36
608	46
609	64
610	41
611	38
612	55
613	37
614	53
615	62
616	43
617	69
618	54
619	39
620	42
621	44
622	53
623	54
624	34
625	52
626	29
627	61
628	40
629	47
630	38
631	35
632	29
633	60
634	45
635	42
636	45
637	45
638	36
639	74
640	33
641	32
642	31
643	38
644	61
645	37
646	42
647	43
648	32
649	52
650	39
651	45
652	57
653	39
654	54
655	43
656	45
657	37
658	30
659	45
660	44
661	43
662	36
663	37
664	33
665	38
666	44
667	43
668	36
669	51
670	33
671	33
672	35
673	38
674	47
675	40
676	37
677	32
678	46
679	35
680	34
681	37
682	49
683	29
684	47
685	49
686	48
687	48
688	52
689	49
690	34
691	35
692	39
693	47
694	40
695	42
696	30
697	42
698	40
699	46
700	43
701	6
702	2
703	4
705	3
706	5
707	2
708	3
709	3
710	9
711	2
713	3
714	2
716	2
717	4
720	3
722	2
726	1
727	2
728	1
736	1
740	9
741	1
761	2
