22	4
23	49
24	29
25	131
26	240
27	508
28	1620
29	4241
30	6868
31	11304
32	19751
33	25275
34	24104
35	25120
36	26082
37	19758
38	20747
39	33967
40	66069
41	108725
42	156979
43	175374
44	178095
45	135593
46	95674
47	59084
48	37753
49	40179
50	63880
51	102143
52	151164
53	171046
54	177324
55	153178
56	111081
57	75411
58	44470
59	37934
60	45823
61	69780
62	104667
63	135899
64	153967
65	139524
66	98944
67	67804
68	42060
69	30384
70	30173
71	39607
72	59084
73	438
74	882
75	183171
76	139418
77	110428
78	37390
79	26591
80	21838
81	25644
82	33079
83	45138
84	56490
85	61079
86	57348
87	47484
88	34227
89	23855
90	16888
91	16269
92	18777
93	24996
94	31876
95	37133
96	37438
97	33841
98	25700
99	19705
100	14194
101	11735
102	11858
103	14435
104	18291
105	22146
106	23190
107	22777
108	19446
109	14983
110	11440
111	9119
112	8189
113	8788
114	10741
115	13476
116	15183
117	15482
118	14884
119	12001
120	9762
121	7893
122	6931
123	6452
124	7480
125	8661
126	10296
127	11754
128	12578
129	11955
130	13280
131	14274
132	11587
133	7671
134	7129
135	7837
136	10076
137	15310
138	19307
139	17514
140	19724
141	24006
142	21939
143	17281
144	15293
145	15324
146	16982
147	20593
148	23087
149	20775
150	19345
151	22429
152	25671
153	29276
154	32870
155	36171
156	39739
157	41770
158	39008
159	31104
160	23654
161	22472
162	25253
163	31663
164	39880
165	51292
166	62812
167	68710
168	62016
169	47723
170	33621
171	26476
172	24211
173	27099
174	33247
175	42666
176	51914
177	57222
178	56235
179	47324
180	37072
181	28403
182	23943
183	23333
184	25732
185	29745
186	34111
187	38106
188	39741
189	37351
190	32201
191	26992
192	23115
193	21145
194	20830
195	21646
196	22983
197	25260
198	26274
199	26296
200	24665
201	22239
202	19796
203	17948
204	17209
205	16614
206	17183
207	17167
208	17785
209	17450
210	16785
211	16107
212	14960
213	13888
214	12950
215	12486
216	12029
217	11663
218	11462
219	11232
220	10856
221	10468
222	10250
223	9666
224	9287
225	8875
226	8111
227	7896
228	7253
229	7308
230	7044
231	6838
232	6483
233	6115
234	5867
235	5747
236	5481
237	4920
238	4647
239	4467
240	4315
241	4165
242	3930
243	3876
244	3814
245	3776
246	3463
247	3190
248	2935
249	2749
250	2598
251	2544
252	2472
253	2430
254	2219
255	2250
256	2143
257	2025
258	1911
259	1740
260	1578
261	1595
262	1459
263	1481
264	1404
265	1403
266	1358
267	1293
268	1219
269	1169
270	1012
271	967
272	891
273	976
274	931
275	879
276	827
277	887
278	830
279	829
280	758
281	697
282	677
283	628
284	653
285	598
286	567
287	640
288	596
289	594
290	595
291	611
292	473
293	508
294	465
295	458
296	453
297	415
298	474
299	478
300	541
301	465
302	484
303	501
304	448
305	405
306	356
307	376
308	375
309	410
310	402
311	383
312	445
313	419
314	394
315	382
316	362
317	318
318	367
319	326
320	344
321	412
322	387
323	391
324	371
325	329
326	299
327	313
328	280
329	285
330	302
331	324
332	320
333	278
334	343
335	313
336	286
337	265
338	270
339	288
340	242
341	233
342	242
343	241
344	250
345	252
346	259
347	219
348	225
349	230
350	211
351	181
352	190
353	197
354	205
355	196
356	188
357	185
358	182
359	209
360	178
361	176
362	150
363	169
364	147
365	139
366	165
367	163
368	140
369	179
370	149
371	148
372	133
373	130
374	134
375	117
376	129
377	118
378	113
379	126
380	128
381	132
382	113
383	98
384	110
385	92
386	92
387	107
388	91
389	89
390	73
391	99
392	95
393	104
394	96
395	77
396	64
397	85
398	61
399	76
400	61
401	96
402	60
403	90
404	74
405	85
406	64
407	79
408	65
409	62
410	57
411	67
412	76
413	92
414	89
415	98
416	59
417	78
418	51
419	54
420	42
421	42
422	48
423	52
424	51
425	50
426	51
427	57
428	53
429	54
430	43
431	46
432	51
433	46
434	35
435	42
436	46
437	40
438	30
439	43
440	38
441	39
442	46
443	55
444	30
445	47
446	36
447	46
448	41
449	47
450	31
451	54
452	33
453	44
454	36
455	39
456	28
457	44
458	50
459	54
460	41
461	35
462	55
463	53
464	28
465	34
466	27
467	22
468	42
469	41
470	42
471	34
472	32
473	26
474	16
475	23
476	30
477	28
478	30
479	34
480	24
481	41
482	30
483	46
484	38
485	36
486	31
487	39
488	25
489	46
490	29
491	21
492	30
493	31
494	29
495	30
496	23
497	30
498	42
499	45
500	29
501	36
502	27
503	33
504	41
505	62
506	30
507	28
508	33
509	27
510	31
511	34
512	25
513	34
514	34
515	32
516	34
517	44
518	32
519	51
520	25
521	35
522	36
523	27
524	25
525	30
526	25
527	37
528	28
529	41
530	23
531	29
532	34
533	49
534	30
535	43
536	35
537	45
538	29
539	26
540	30
541	41
542	26
543	29
544	38
545	29
546	26
547	44
548	32
549	36
550	22
551	22
552	20
553	31
554	27
555	30
556	29
557	18
558	21
559	20
560	23
561	26
562	17
563	14
564	30
565	33
566	18
567	28
568	25
569	23
570	18
571	30
572	22
573	29
574	35
575	31
576	23
577	24
578	21
579	26
580	21
581	17
582	31
583	25
584	32
585	36
586	23
587	24
588	19
589	19
590	43
591	19
592	26
593	16
594	28
595	21
596	26
597	26
598	17
599	23
600	38
601	28
602	23
603	36
604	27
605	19
606	23
607	21
608	25
609	28
610	15
611	16
612	20
613	20
614	25
615	21
616	26
617	32
618	19
619	14
620	19
621	25
622	19
623	19
624	21
625	25
626	21
627	31
628	12
629	26
630	22
631	14
632	22
633	30
634	25
635	16
636	22
637	15
638	22
639	41
640	22
641	17
642	12
643	17
644	21
645	25
646	23
647	14
648	32
649	19
650	14
651	23
652	33
653	21
654	18
655	10
656	29
657	20
658	16
659	35
660	23
661	15
662	21
663	29
664	29
665	24
666	13
667	23
668	22
669	35
670	22
671	19
672	29
673	20
674	23
675	22
676	19
677	22
678	23
679	24
680	14
681	32
682	21
683	20
684	20
685	16
686	18
687	22
688	18
689	28
690	22
691	16
692	14
693	22
694	40
695	17
696	8
697	24
698	18
699	20
700	13
701	3
702	2
704	2
706	1
707	4
708	1
709	2
712	2
713	3
723	1
726	1
727	3
730	1
734	1
