22	2
23	17
24	5
25	32
26	212
27	243
28	593
29	1266
30	1577
31	2127
32	3880
33	4654
34	4101
35	5196
36	6311
37	5666
38	6519
39	12580
40	24613
41	39598
42	55171
43	60024
44	59213
45	46572
46	32076
47	19518
48	13666
49	16593
50	26962
51	41561
52	58418
53	64750
54	65037
55	53279
56	37280
57	24383
58	15068
59	14492
60	19213
61	28711
62	42503
63	53394
64	58472
65	49961
66	35495
67	22883
68	14463
69	11568
70	12877
71	18179
72	26737
73	254
74	585
75	61991
76	57297
77	45992
78	14956
79	10682
80	9715
81	12268
82	16366
83	22105
84	26037
85	26779
86	23663
87	18836
88	13138
89	9396
90	7320
91	7864
92	9757
93	12984
94	16207
95	18125
96	17503
97	14913
98	11252
99	7901
100	6271
101	5614
102	6357
103	8565
104	10657
105	12622
106	12550
107	11648
108	9275
109	7105
110	5517
111	4761
112	5053
113	5600
114	7258
115	8978
116	9840
117	9550
118	8248
119	6635
120	5790
121	5576
122	4881
123	5042
124	5880
125	6729
126	7885
127	9099
128	9484
129	9050
130	10861
131	13546
132	11240
133	8561
134	7276
135	7763
136	9776
137	14968
138	20169
139	18199
140	20868
141	27244
142	26491
143	21054
144	18526
145	17925
146	18884
147	22330
148	25687
149	23749
150	22659
151	26899
152	31412
153	35043
154	38592
155	42037
156	46816
157	50075
158	48676
159	40162
160	30709
161	28814
162	32949
163	41089
164	51940
165	66035
166	82163
167	93076
168	88938
169	69968
170	49905
171	38057
172	34953
173	40225
174	50521
175	65797
176	81695
177	90892
178	89503
179	76711
180	60726
181	47681
182	40430
183	39861
184	44850
185	52264
186	61765
187	70065
188	73378
189	69002
190	59764
191	50850
192	44687
193	42174
194	42285
195	45020
196	49535
197	53186
198	56557
199	55976
200	52292
201	47721
202	43826
203	41848
204	40114
205	40471
206	40422
207	41502
208	42369
209	41879
210	41045
211	39091
212	38080
213	36134
214	34835
215	33718
216	33122
217	31958
218	31579
219	30788
220	30095
221	29251
222	28653
223	27730
224	26853
225	25342
226	24604
227	23554
228	22278
229	21784
230	21039
231	20337
232	19859
233	19597
234	19234
235	18470
236	17847
237	16353
238	15704
239	14823
240	14183
241	13310
242	13435
243	12847
244	12908
245	12315
246	12218
247	11360
248	10481
249	9788
250	9320
251	8647
252	8504
253	8293
254	8231
255	7977
256	7853
257	7173
258	6906
259	6231
260	5726
261	5691
262	5559
263	5262
264	5149
265	5093
266	4976
267	4646
268	4553
269	4298
270	3918
271	3825
272	3606
273	3478
274	3446
275	3282
276	3140
277	3207
278	3279
279	3149
280	2987
281	2825
282	2834
283	2726
284	2473
285	2430
286	2513
287	2555
288	2662
289	2904
290	2899
291	2806
292	2809
293	2517
294	2345
295	2107
296	2167
297	2447
298	2618
299	2895
300	3060
301	3403
302	3389
303	3114
304	3012
305	2482
306	2382
307	2393
308	2537
309	2928
310	3315
311	3692
312	3905
313	3915
314	3629
315	3304
316	2916
317	2714
318	2841
319	3001
320	3410
321	3852
322	4086
323	4163
324	4136
325	3894
326	3576
327	3391
328	3196
329	3257
330	3400
331	3646
332	3814
333	4056
334	4260
335	3964
336	3816
337	3589
338	3377
339	3429
340	3279
341	3278
342	3436
343	3576
344	3619
345	3651
346	3607
347	3546
348	3262
349	3307
350	3139
351	3136
352	2975
353	2987
354	3089
355	2996
356	3023
357	3133
358	3092
359	3023
360	2896
361	2756
362	2612
363	2512
364	2489
365	2343
366	2406
367	2495
368	2421
369	2546
370	2467
371	2294
372	2245
373	2097
374	2015
375	1919
376	1897
377	1913
378	1965
379	1937
380	1899
381	1858
382	1722
383	1655
384	1592
385	1455
386	1399
387	1446
388	1365
389	1449
390	1391
391	1388
392	1374
393	1320
394	1147
395	1089
396	1011
397	1009
398	1017
399	1015
400	959
401	976
402	1025
403	901
404	846
405	835
406	781
407	729
408	650
409	706
410	696
411	750
412	713
413	656
414	616
415	565
416	536
417	493
418	479
419	498
420	452
421	460
422	423
423	446
424	436
425	412
426	376
427	370
428	309
429	329
430	315
431	307
432	320
433	317
434	296
435	252
436	256
437	252
438	242
439	250
440	223
441	208
442	193
443	211
444	221
445	216
446	204
447	189
448	166
449	157
450	163
451	175
452	169
453	142
454	153
455	158
456	148
457	153
458	134
459	137
460	102
461	129
462	133
463	131
464	132
465	111
466	122
467	105
468	104
469	124
470	95
471	103
472	118
473	97
474	104
475	105
476	104
477	108
478	84
479	116
480	82
481	82
482	93
483	97
484	100
485	100
486	103
487	77
488	91
489	97
490	87
491	92
492	116
493	95
494	111
495	81
496	99
497	90
498	89
499	102
500	86
501	92
502	92
503	95
504	107
505	109
506	96
507	87
508	137
509	102
510	102
511	117
512	82
513	98
514	72
515	61
516	96
517	101
518	140
519	86
520	91
521	93
522	72
523	83
524	79
525	95
526	72
527	92
528	91
529	95
530	94
531	62
532	57
533	60
534	54
535	53
536	54
537	66
538	80
539	74
540	70
541	73
542	51
543	66
544	60
545	55
546	49
547	52
548	77
549	84
550	58
551	47
552	51
553	67
554	47
555	57
556	49
557	46
558	75
559	64
560	54
561	53
562	53
563	55
564	42
565	43
566	35
567	48
568	57
569	51
570	45
571	42
572	47
573	69
574	45
575	42
576	42
577	31
578	38
579	36
580	30
581	29
582	30
583	31
584	29
585	34
586	36
587	27
588	18
589	31
590	28
591	36
592	26
593	23
594	40
595	33
596	23
597	29
598	23
599	27
600	29
601	22
602	21
603	24
604	26
605	30
606	16
607	27
608	25
609	30
610	26
611	22
612	11
613	26
614	31
615	31
616	30
617	26
618	21
619	24
620	23
621	35
622	32
623	29
624	25
625	16
626	24
627	36
628	23
629	23
630	19
631	21
632	16
633	23
634	21
635	12
636	11
637	19
638	20
639	28
640	20
641	18
642	14
643	16
644	17
645	27
646	15
647	17
648	21
649	31
650	31
651	23
652	31
653	24
654	21
655	16
656	16
657	25
658	26
659	18
660	25
661	17
662	20
663	30
664	21
665	22
666	18
667	13
668	31
669	32
670	19
671	19
672	14
673	29
674	36
675	25
676	13
677	20
678	23
679	32
680	17
681	31
682	28
683	33
684	25
685	14
686	29
687	25
688	24
689	25
690	17
691	11
692	23
693	28
694	14
695	14
696	16
697	20
698	20
699	28
700	21
701	4
702	3
703	2
704	2
705	3
706	1
707	1
708	1
710	1
711	1
712	5
716	1
717	1
735	6
