22	3
23	21
24	8
25	26
26	141
27	262
28	659
29	1346
30	1969
31	2700
32	4540
33	5364
34	4980
35	5881
36	9150
37	8803
38	10973
39	20148
40	36547
41	66957
42	99324
43	107989
44	107151
45	86362
46	73332
47	46083
48	35599
49	41631
50	66384
51	105132
52	136848
53	156110
54	156777
55	131045
56	104828
57	72304
58	49655
59	53916
60	65082
61	102517
62	143674
63	177821
64	197254
65	173946
66	134250
67	95923
68	64651
69	57565
70	59710
71	86366
72	120258
73	870
74	2026
75	263739
76	294345
77	257946
78	84556
79	64645
80	59740
81	80548
82	97663
83	138144
84	154591
85	154311
86	152650
87	116974
88	85425
89	64244
90	55585
91	59754
92	79499
93	100496
94	139584
95	135996
96	131980
97	124060
98	86850
99	75656
100	60455
101	51667
102	58844
103	75934
104	117564
105	121175
106	129495
107	99612
108	88174
109	69110
110	57513
111	52669
112	51137
113	62383
114	76872
115	89505
116	106420
117	103616
118	88708
119	68247
120	54814
121	45259
122	43610
123	53419
124	66091
125	72029
126	83360
127	87993
128	79700
129	65482
130	58874
131	43461
132	44063
133	45152
134	48522
135	60343
136	67919
137	71349
138	72171
139	59557
140	57878
141	47943
142	42606
143	42045
144	44042
145	49761
146	55204
147	64287
148	65476
149	57363
150	57031
151	52579
152	42126
153	43001
154	43544
155	48811
156	57521
157	59540
158	54799
159	54934
160	46057
161	46668
162	40679
163	43543
164	44860
165	50581
166	57216
167	59341
168	62625
169	56218
170	45133
171	42477
172	35291
173	35378
174	38286
175	43491
176	48047
177	54355
178	50466
179	46906
180	49141
181	36539
182	33718
183	30692
184	29194
185	32331
186	33833
187	38172
188	38480
189	40958
190	37430
191	32869
192	28538
193	24780
194	24087
195	23862
196	24696
197	29213
198	28248
199	31530
200	29863
201	25501
202	23958
203	21177
204	22142
205	19276
206	20181
207	20285
208	20200
209	25561
210	20540
211	20701
212	19652
213	17568
214	16357
215	14134
216	14342
217	14554
218	15025
219	15127
220	15238
221	16394
222	15074
223	12941
224	12389
225	11881
226	11626
227	11199
228	10857
229	10567
230	11016
231	11253
232	11672
233	10041
234	9691
235	8836
236	7978
237	7972
238	7609
239	7464
240	8133
241	8010
242	7844
243	7804
244	7248
245	6721
246	6460
247	5722
248	5152
249	5223
250	5774
251	6016
252	5796
253	5537
254	5683
255	5215
256	4996
257	4163
258	4395
259	4035
260	3866
261	4093
262	3992
263	3859
264	3946
265	3951
266	3414
267	3204
268	3033
269	2813
270	2680
271	2788
272	2735
273	2981
274	2946
275	2874
276	2526
277	2658
278	2415
279	2328
280	2020
281	2168
282	2006
283	1896
284	2233
285	2282
286	2029
287	2201
288	1811
289	1834
290	1652
291	1703
292	1619
293	1560
294	1691
295	1608
296	1697
297	1724
298	1742
299	1829
300	1614
301	1534
302	1384
303	1536
304	1354
305	1301
306	1239
307	1280
308	1538
309	1536
310	1537
311	1328
312	1305
313	1248
314	1315
315	1192
316	1140
317	1188
318	1246
319	1336
320	1233
321	1290
322	1150
323	1243
324	1110
325	1001
326	1041
327	1052
328	1072
329	1087
330	1037
331	1060
332	1061
333	1025
334	1077
335	876
336	840
337	857
338	866
339	875
340	794
341	805
342	847
343	823
344	782
345	732
346	716
347	706
348	660
349	755
350	626
351	673
352	628
353	564
354	627
355	512
356	589
357	515
358	570
359	576
360	512
361	504
362	459
363	479
364	535
365	387
366	399
367	388
368	375
369	437
370	408
371	379
372	306
373	381
374	397
375	279
376	307
377	276
378	273
379	336
380	298
381	296
382	265
383	239
384	306
385	197
386	229
387	240
388	234
389	273
390	216
391	207
392	164
393	210
394	228
395	196
396	178
397	145
398	177
399	241
400	152
401	164
402	157
403	161
404	172
405	132
406	155
407	147
408	119
409	171
410	119
411	198
412	173
413	229
414	224
415	192
416	129
417	132
418	102
419	167
420	72
421	108
422	110
423	131
424	191
425	76
426	111
427	103
428	105
429	142
430	77
431	87
432	86
433	79
434	137
435	110
436	85
437	80
438	89
439	160
440	75
441	92
442	87
443	79
444	131
445	91
446	102
447	76
448	99
449	142
450	73
451	91
452	76
453	107
454	126
455	82
456	92
457	86
458	81
459	129
460	83
461	64
462	77
463	84
464	114
465	103
466	81
467	76
468	91
469	100
470	70
471	77
472	68
473	86
474	120
475	67
476	67
477	81
478	85
479	112
480	79
481	60
482	57
483	104
484	117
485	71
486	60
487	90
488	106
489	142
490	64
491	65
492	61
493	84
494	124
495	71
496	93
497	49
498	96
499	168
500	77
501	73
502	75
503	76
504	127
505	110
506	82
507	63
508	112
509	145
510	95
511	108
512	73
513	94
514	121
515	55
516	86
517	90
518	66
519	145
520	86
521	64
522	73
523	95
524	111
525	72
526	69
527	62
528	74
529	135
530	63
531	89
532	72
533	76
534	110
535	68
536	52
537	68
538	95
539	82
540	54
541	117
542	68
543	94
544	69
545	73
546	77
547	75
548	77
549	120
550	48
551	53
552	63
553	78
554	89
555	79
556	66
557	57
558	80
559	93
560	45
561	107
562	52
563	66
564	75
565	75
566	36
567	75
568	61
569	85
570	63
571	63
572	75
573	80
574	99
575	48
576	54
577	42
578	75
579	82
580	58
581	78
582	76
583	58
584	108
585	90
586	76
587	70
588	63
589	100
590	37
591	49
592	44
593	74
594	86
595	56
596	53
597	78
598	65
599	89
600	57
601	51
602	50
603	67
604	71
605	48
606	44
607	44
608	58
609	90
610	45
611	44
612	48
613	56
614	83
615	59
616	64
617	55
618	55
619	107
620	42
621	77
622	73
623	53
624	82
625	48
626	52
627	51
628	70
629	95
630	56
631	50
632	40
633	79
634	85
635	42
636	62
637	56
638	57
639	102
640	50
641	69
642	55
643	60
644	81
645	54
646	54
647	62
648	74
649	80
650	63
651	73
652	68
653	60
654	86
655	52
656	61
657	53
658	84
659	97
660	48
661	48
662	62
663	66
664	75
665	51
666	64
667	60
668	57
669	92
670	48
671	46
672	51
673	81
674	89
675	54
676	46
677	54
678	76
679	89
680	49
681	60
682	53
683	63
684	66
685	47
686	58
687	48
688	54
689	60
690	31
691	41
692	54
693	84
694	78
695	53
696	47
697	55
698	62
699	86
700	24
701	18
702	19
703	9
704	9
705	14
706	11
707	9
708	8
709	8
710	11
711	11
712	3
713	12
714	11
715	9
716	5
717	9
718	6
719	5
720	7
721	7
722	4
723	1
724	1
725	1
726	1
728	1
729	3
730	2
731	4
732	2
735	5
737	1
738	2
740	1
742	1
744	1
747	2
