22	35
23	69
24	57
25	166
26	637
27	979
28	1534
29	3084
30	4469
31	5898
32	9055
33	12233
34	13268
35	15217
36	17997
37	17032
38	16219
39	21923
40	33336
41	49559
42	65621
43	67583
44	67141
45	50730
46	38606
47	26083
48	19202
49	19666
50	29426
51	46097
52	64261
53	74556
54	73822
55	63342
56	47385
57	32309
58	20752
59	18869
60	21794
61	34899
62	52449
63	69114
64	77455
65	69047
66	52321
67	36458
68	22670
69	17371
70	16889
71	24348
72	36161
73	336
74	858
75	86142
76	95693
77	78742
78	27163
79	18530
80	15109
81	18165
82	24621
83	36372
84	45524
85	47913
86	45898
87	36935
88	25655
89	18385
90	13589
91	13139
92	17614
93	23889
94	33790
95	36856
96	37948
97	34924
98	24958
99	20446
100	15030
101	11887
102	13222
103	16229
104	26750
105	29081
106	32394
107	27512
108	24325
109	18507
110	14834
111	11989
112	11096
113	13247
114	17203
115	21181
116	25559
117	27025
118	23823
119	18994
120	14943
121	11259
122	9897
123	11583
124	14507
125	16740
126	20108
127	22700
128	21384
129	17996
130	16515
131	11987
132	11127
133	10813
134	11373
135	14504
136	17135
137	19204
138	20982
139	18421
140	17070
141	15244
142	12748
143	11505
144	11736
145	13466
146	15531
147	19305
148	20476
149	19113
150	18792
151	17103
152	15005
153	15015
154	16016
155	18190
156	20648
157	23374
158	22905
159	22278
160	19963
161	18303
162	16696
163	18345
164	20540
165	25682
166	31137
167	35896
168	35284
169	32503
170	24722
171	21385
172	18804
173	19110
174	21835
175	27241
176	32537
177	37691
178	37140
179	33127
180	31580
181	23966
182	22219
183	20669
184	21030
185	24336
186	28161
187	32565
188	35112
189	34513
190	30776
191	26685
192	24206
193	22666
194	23200
195	23927
196	25873
197	29053
198	31091
199	31878
200	30923
201	28442
202	25957
203	24787
204	25416
205	25132
206	25999
207	27039
208	28062
209	29920
210	28592
211	27122
212	26617
213	25784
214	24740
215	23982
216	24402
217	25315
218	26171
219	25871
220	26072
221	25524
222	24887
223	23436
224	23703
225	23415
226	23724
227	23538
228	23523
229	23400
230	23086
231	23055
232	22581
233	22043
234	22427
235	21562
236	20935
237	20907
238	20565
239	20769
240	20858
241	20134
242	20465
243	19841
244	19280
245	19087
246	18994
247	18085
248	17861
249	17823
250	17358
251	17459
252	17215
253	17310
254	17015
255	16621
256	16819
257	16037
258	15934
259	15495
260	15015
261	14829
262	14862
263	14736
264	14970
265	14785
266	13782
267	13256
268	13191
269	13081
270	12830
271	12682
272	12541
273	12380
274	12796
275	12522
276	12495
277	12108
278	11944
279	11871
280	11099
281	11386
282	11690
283	11063
284	11453
285	11100
286	10742
287	11081
288	10335
289	10407
290	10466
291	10354
292	10478
293	10128
294	10571
295	10314
296	9921
297	10291
298	9824
299	10074
300	10116
301	10123
302	9956
303	10268
304	9734
305	9667
306	9454
307	9371
308	9538
309	9155
310	9185
311	9862
312	9758
313	9886
314	9771
315	9774
316	9588
317	8972
318	8918
319	8875
320	9165
321	9258
322	8937
323	10319
324	10148
325	9683
326	9627
327	9757
328	9479
329	9353
330	8738
331	8949
332	8984
333	9012
334	9757
335	9350
336	9450
337	9572
338	9677
339	9298
340	8645
341	8653
342	8643
343	8371
344	8461
345	8795
346	9143
347	9284
348	9373
349	9189
350	8589
351	8753
352	8444
353	8036
354	7788
355	8001
356	8353
357	8685
358	8909
359	9127
360	8522
361	8151
362	8308
363	7588
364	7521
365	7203
366	7648
367	7824
368	7856
369	8414
370	8064
371	7857
372	7431
373	6936
374	6858
375	6825
376	6734
377	7098
378	7228
379	7559
380	7452
381	7440
382	7329
383	6587
384	6498
385	6076
386	6123
387	6488
388	6411
389	6717
390	6523
391	6646
392	6597
393	6187
394	5914
395	5418
396	5453
397	5526
398	5680
399	5922
400	5902
401	5877
402	5926
403	5486
404	5325
405	5099
406	4860
407	4880
408	4930
409	5025
410	5118
411	5151
412	4989
413	4706
414	4648
415	4345
416	4272
417	4176
418	4271
419	4255
420	4400
421	4544
422	4351
423	4462
424	4255
425	3875
426	3947
427	3662
428	3656
429	3833
430	3688
431	3759
432	3877
433	3676
434	3692
435	3456
436	3350
437	3170
438	3268
439	3197
440	3152
441	3249
442	3311
443	3294
444	3165
445	3236
446	3016
447	2911
448	2882
449	2869
450	2703
451	2832
452	2918
453	2853
454	2920
455	2700
456	2676
457	2554
458	2424
459	2413
460	2384
461	2441
462	2438
463	2419
464	2534
465	2489
466	2267
467	2239
468	2134
469	2181
470	2133
471	2252
472	2147
473	2105
474	2245
475	2229
476	2159
477	2119
478	1916
479	1963
480	1904
481	1854
482	1966
483	1944
484	1994
485	1898
486	1965
487	1939
488	1869
489	1787
490	1653
491	1677
492	1707
493	1738
494	1906
495	1763
496	1743
497	1714
498	1758
499	1687
500	1565
501	1525
502	1542
503	1568
504	1767
505	1670
506	1475
507	1584
508	1573
509	1588
510	1418
511	1411
512	1373
513	1460
514	1429
515	1457
516	1446
517	1498
518	1388
519	1393
520	1278
521	1251
522	1268
523	1321
524	1321
525	1251
526	1326
527	1289
528	1278
529	1238
530	1233
531	1152
532	1078
533	1115
534	1118
535	1229
536	1192
537	1122
538	1061
539	1128
540	1065
541	1031
542	1007
543	1070
544	1123
545	989
546	1095
547	1041
548	1040
549	1047
550	958
551	987
552	977
553	975
554	893
555	875
556	927
557	905
558	955
559	854
560	837
561	866
562	790
563	813
564	770
565	848
566	782
567	764
568	773
569	794
570	738
571	737
572	754
573	708
574	734
575	644
576	645
577	661
578	633
579	688
580	611
581	659
582	609
583	596
584	594
585	563
586	578
587	565
588	578
589	611
590	578
591	556
592	599
593	529
594	586
595	512
596	496
597	555
598	506
599	564
600	462
601	456
602	486
603	487
604	514
605	456
606	449
607	444
608	476
609	483
610	413
611	441
612	402
613	402
614	435
615	385
616	385
617	379
618	385
619	385
620	373
621	373
622	346
623	369
624	386
625	344
626	305
627	321
628	354
629	363
630	330
631	325
632	299
633	341
634	345
635	267
636	311
637	281
638	310
639	332
640	291
641	276
642	262
643	310
644	319
645	254
646	268
647	254
648	239
649	319
650	241
651	258
652	234
653	244
654	285
655	218
656	243
657	235
658	231
659	263
660	216
661	209
662	206
663	261
664	278
665	179
666	206
667	207
668	234
669	256
670	205
671	206
672	217
673	217
674	237
675	202
676	190
677	183
678	212
679	190
680	180
681	183
682	171
683	207
684	215
685	168
686	158
687	157
688	193
689	228
690	160
691	160
692	135
693	187
694	188
695	144
696	158
697	145
698	156
699	182
700	156
701	23
702	23
703	25
704	34
705	14
706	8
707	19
708	26
709	28
710	12
711	15
712	12
713	8
714	10
715	13
716	4
717	9
718	8
719	8
720	3
721	9
722	9
723	2
724	3
725	7
726	1
727	7
728	6
729	2
730	1
731	6
732	1
733	1
737	2
738	1
739	1
740	1
743	1
744	2
747	1
749	1
752	2
754	3
