22	5
23	39
24	18
25	76
26	84
27	261
28	698
29	2640
30	4929
31	7873
32	12474
33	15859
34	16335
35	14360
36	13429
37	9194
38	8487
39	14303
40	27965
41	49449
42	69996
43	79010
44	76262
45	62671
46	44847
47	25865
48	16349
49	17703
50	30165
51	52177
52	72922
53	90228
54	92603
55	77599
56	58886
57	37251
58	22900
59	18731
60	22891
61	39140
62	61678
63	82798
64	93574
65	86207
66	66839
67	44740
68	28103
69	19800
70	19380
71	28208
72	42140
73	416
74	923
75	106491
76	118886
77	99822
78	35502
79	23688
80	18578
81	22419
82	30283
83	44227
84	55476
85	62459
86	58480
87	48017
88	34498
89	24526
90	18377
91	17770
92	22812
93	30367
94	42573
95	47157
96	48611
97	45919
98	33120
99	28133
100	20150
101	16220
102	17512
103	21424
104	33528
105	37034
106	41721
107	36706
108	32527
109	25045
110	20974
111	16820
112	15307
113	18059
114	22399
115	28254
116	32743
117	34268
118	31224
119	24833
120	20600
121	16467
122	14316
123	15657
124	19147
125	22570
126	26552
127	29867
128	27994
129	24295
130	22631
131	18112
132	16234
133	15625
134	16101
135	20427
136	23872
137	27373
138	29344
139	26217
140	24102
141	22664
142	20045
143	18899
144	18665
145	20995
146	23152
147	28835
148	30447
149	28056
150	27818
151	25774
152	24003
153	24676
154	26970
155	31370
156	35923
157	39338
158	38369
159	36201
160	30822
161	28375
162	26733
163	30639
164	35450
165	45077
166	56136
167	64255
168	62547
169	55037
170	42416
171	34934
172	30890
173	32321
174	37247
175	47570
176	58525
177	67125
178	66251
179	58933
180	52456
181	41055
182	37076
183	35002
184	36635
185	42674
186	49687
187	57585
188	62007
189	59923
190	53982
191	45892
192	41717
193	38732
194	38752
195	41267
196	46112
197	50798
198	54340
199	56175
200	53218
201	48271
202	44076
203	42058
204	41895
205	42291
206	44530
207	46966
208	49494
209	50607
210	48824
211	46317
212	44610
213	42753
214	42068
215	41551
216	41647
217	43134
218	44739
219	44240
220	44680
221	43138
222	41555
223	40293
224	39619
225	38932
226	38823
227	38638
228	38945
229	39247
230	38943
231	37321
232	36993
233	36031
234	35488
235	34868
236	34246
237	33993
238	33595
239	33649
240	33311
241	32540
242	32416
243	31593
244	30699
245	30554
246	29308
247	28773
248	27868
249	27581
250	27583
251	27079
252	27457
253	26425
254	26144
255	25628
256	25051
257	24264
258	24372
259	23400
260	22933
261	23337
262	22667
263	21920
264	22333
265	22090
266	20981
267	19867
268	19615
269	19152
270	18827
271	18698
272	18461
273	18411
274	18070
275	18080
276	17940
277	17084
278	16767
279	16798
280	16008
281	16264
282	16427
283	15706
284	16011
285	15518
286	15038
287	15424
288	14749
289	14630
290	14640
291	15057
292	14866
293	14431
294	14379
295	13969
296	13286
297	13505
298	13030
299	13992
300	14173
301	13928
302	14138
303	14361
304	13420
305	13162
306	12906
307	12542
308	12543
309	12737
310	12326
311	13124
312	13238
313	13398
314	13468
315	13523
316	12623
317	12019
318	12172
319	11638
320	11899
321	12064
322	12298
323	12784
324	13239
325	12977
326	12622
327	12881
328	12126
329	11979
330	11501
331	11714
332	11450
333	11922
334	12104
335	12038
336	12244
337	12393
338	12142
339	11613
340	11273
341	11089
342	10698
343	10788
344	10871
345	11109
346	11612
347	11944
348	11688
349	11698
350	10857
351	10589
352	10249
353	9872
354	9581
355	9749
356	10274
357	10650
358	10656
359	10712
360	10468
361	9896
362	9569
363	9091
364	8996
365	8596
366	9097
367	9679
368	9200
369	9849
370	9636
371	9115
372	8649
373	8199
374	8062
375	8070
376	7979
377	8327
378	8355
379	8442
380	8328
381	8346
382	8221
383	7545
384	7189
385	6945
386	6960
387	6955
388	7147
389	7395
390	7663
391	7377
392	7007
393	6930
394	6560
395	6043
396	6129
397	6126
398	6215
399	6307
400	6304
401	6397
402	6139
403	5871
404	5718
405	5323
406	5497
407	5061
408	4911
409	5366
410	5318
411	5422
412	5270
413	5037
414	4852
415	4695
416	4684
417	4359
418	4236
419	4388
420	4417
421	4454
422	4471
423	4141
424	4102
425	4001
426	3871
427	3681
428	3623
429	3672
430	3585
431	3747
432	3632
433	3691
434	3426
435	3340
436	3150
437	3200
438	3063
439	3173
440	3066
441	2969
442	3006
443	3139
444	3019
445	2863
446	2729
447	2735
448	2620
449	2361
450	2579
451	2669
452	2565
453	2639
454	2531
455	2482
456	2452
457	2172
458	2076
459	2200
460	2122
461	2132
462	2169
463	2153
464	2262
465	2207
466	1976
467	1963
468	1841
469	1800
470	1769
471	1818
472	1850
473	1793
474	1756
475	1911
476	1840
477	1710
478	1607
479	1633
480	1533
481	1503
482	1561
483	1577
484	1546
485	1495
486	1616
487	1471
488	1479
489	1413
490	1303
491	1325
492	1301
493	1300
494	1316
495	1330
496	1354
497	1302
498	1364
499	1310
500	1187
501	1178
502	1177
503	1094
504	1184
505	1206
506	1224
507	1209
508	1108
509	1067
510	1026
511	1005
512	1024
513	995
514	989
515	971
516	1044
517	1050
518	963
519	985
520	921
521	938
522	903
523	924
524	954
525	913
526	876
527	885
528	840
529	891
530	831
531	791
532	773
533	718
534	723
535	827
536	785
537	758
538	757
539	746
540	675
541	714
542	657
543	598
544	669
545	614
546	630
547	623
548	641
549	624
550	680
551	611
552	582
553	561
554	549
555	534
556	548
557	545
558	550
559	545
560	484
561	497
562	493
563	457
564	482
565	475
566	441
567	477
568	496
569	454
570	429
571	425
572	390
573	409
574	395
575	378
576	344
577	396
578	398
579	335
580	389
581	365
582	318
583	353
584	329
585	334
586	317
587	317
588	311
589	293
590	296
591	302
592	298
593	292
594	284
595	239
596	270
597	295
598	256
599	302
600	223
601	225
602	260
603	251
604	248
605	218
606	211
607	204
608	211
609	217
610	185
611	207
612	197
613	227
614	207
615	204
616	156
617	161
618	170
619	184
620	166
621	162
622	166
623	142
624	173
625	159
626	170
627	174
628	139
629	164
630	145
631	161
632	125
633	153
634	136
635	132
636	121
637	121
638	114
639	128
640	106
641	126
642	114
643	133
644	142
645	133
646	114
647	95
648	113
649	107
650	93
651	116
652	87
653	83
654	110
655	102
656	105
657	113
658	87
659	94
660	91
661	115
662	76
663	103
664	109
665	62
666	78
667	66
668	88
669	95
670	82
671	80
672	72
673	90
674	87
675	91
676	70
677	86
678	63
679	87
680	54
681	83
682	68
683	69
684	59
685	61
686	48
687	62
688	69
689	71
690	52
691	44
692	56
693	62
694	65
695	46
696	49
697	62
698	61
699	90
700	63
701	11
702	8
703	11
704	5
705	3
706	5
707	2
708	3
709	7
710	7
711	2
712	2
713	3
714	2
715	7
716	1
718	1
720	3
722	1
723	1
724	1
725	1
726	2
728	4
729	2
735	1
740	1
745	1
748	2
760	1
