23	9
24	6
25	20
26	60
27	54
28	228
29	455
30	664
31	868
32	1539
33	1914
34	1884
35	2545
36	3220
37	2709
38	3501
39	7355
40	14003
41	24625
42	35390
43	40266
44	38570
45	29576
46	19014
47	10760
48	7412
49	9613
50	16034
51	25015
52	36827
53	40002
54	39739
55	31965
56	21085
57	13262
58	7540
59	7591
60	10946
61	17223
62	25992
63	33032
64	34984
65	30509
66	20813
67	13091
68	7837
69	6253
70	7156
71	10766
72	15895
73	154
74	269
75	32876
76	35153
77	27305
78	8241
79	5800
80	5193
81	6905
82	9514
83	13174
84	16163
85	16448
86	13947
87	10869
88	7141
89	5174
90	4073
91	4322
92	5849
93	8169
94	10171
95	10993
96	10460
97	8901
98	6480
99	4709
100	3508
101	3235
102	3881
103	5079
104	6678
105	7895
106	7915
107	7220
108	5609
109	4313
110	3171
111	3028
112	3097
113	3558
114	4635
115	5785
116	6197
117	6325
118	5360
119	4267
120	3708
121	3477
122	3189
123	3269
124	3797
125	4638
126	5347
127	6135
128	6433
129	6388
130	8454
131	10669
132	8700
133	5748
134	5109
135	5579
136	6836
137	11528
138	16245
139	15571
140	20107
141	27238
142	26007
143	19641
144	16676
145	15904
146	17027
147	20310
148	22612
149	21347
150	22139
151	28943
152	35575
153	40244
154	44549
155	48207
156	53508
157	55159
158	50816
159	40538
160	32516
161	32713
162	40661
163	53011
164	66560
165	85242
166	104391
167	114892
168	104948
169	78644
170	55592
171	43293
172	43679
173	51874
174	68306
175	89917
176	111432
177	122067
178	116078
179	97138
180	74399
181	58025
182	50264
183	51557
184	60075
185	71840
186	85931
187	96824
188	100745
189	92574
190	78841
191	65501
192	57590
193	55508
194	57719
195	62236
196	69920
197	76673
198	80320
199	78005
200	73245
201	64615
202	58864
203	56444
204	55574
205	56326
206	58277
207	60327
208	62131
209	61429
210	58769
211	56069
212	53064
213	51337
214	49669
215	47914
216	47419
217	46615
218	46939
219	45761
220	44382
221	43385
222	41916
223	40227
224	40175
225	38568
226	36928
227	35531
228	34208
229	32616
230	31591
231	30622
232	29827
233	29926
234	28743
235	28402
236	26818
237	25341
238	23867
239	22516
240	21378
241	20748
242	20749
243	20172
244	19639
245	19312
246	18508
247	17392
248	15908
249	15202
250	14246
251	13795
252	13613
253	12921
254	13019
255	12607
256	12277
257	11518
258	10919
259	10232
260	9530
261	8899
262	8752
263	8188
264	8326
265	8210
266	7987
267	7564
268	7123
269	6840
270	6394
271	6062
272	5596
273	5696
274	5616
275	5400
276	5507
277	5560
278	5436
279	5413
280	5095
281	5113
282	4860
283	4590
284	4271
285	4277
286	4459
287	4543
288	4898
289	5473
290	5551
291	5717
292	5439
293	5172
294	4830
295	4421
296	4431
297	4652
298	5751
299	6915
300	7957
301	8649
302	8862
303	8059
304	7053
305	6098
306	5626
307	5743
308	6723
309	8073
310	9771
311	11314
312	11959
313	12008
314	10893
315	9606
316	8321
317	7904
318	8339
319	9889
320	11352
321	13478
322	14771
323	15100
324	14957
325	13243
326	11883
327	10905
328	10957
329	11316
330	12779
331	14263
332	15444
333	16219
334	16546
335	15772
336	15003
337	14099
338	13532
339	13075
340	13514
341	13660
342	14780
343	15372
344	15651
345	16086
346	15814
347	15425
348	14828
349	14471
350	14023
351	13700
352	13568
353	13620
354	14446
355	14318
356	15191
357	14995
358	14912
359	14761
360	13821
361	13559
362	12796
363	12427
364	12434
365	12118
366	12399
367	12998
368	13432
369	13116
370	12774
371	12211
372	11425
373	11077
374	10685
375	10265
376	10124
377	10605
378	11101
379	10826
380	10910
381	10529
382	9917
383	9079
384	8659
385	8340
386	8187
387	8349
388	8275
389	8400
390	8418
391	8224
392	8069
393	7569
394	7017
395	6584
396	6409
397	6129
398	6193
399	6333
400	6239
401	6065
402	5934
403	5614
404	5536
405	4942
406	4850
407	4522
408	4507
409	4514
410	4467
411	4371
412	4287
413	4046
414	3863
415	3682
416	3498
417	3308
418	3167
419	3155
420	3077
421	3045
422	2765
423	2792
424	2667
425	2580
426	2422
427	2298
428	2169
429	2081
430	1973
431	1993
432	1940
433	1978
434	1840
435	1710
436	1603
437	1542
438	1398
439	1479
440	1371
441	1338
442	1389
443	1324
444	1280
445	1275
446	1246
447	1121
448	1096
449	1009
450	1084
451	948
452	906
453	980
454	1023
455	956
456	893
457	928
458	925
459	877
460	776
461	760
462	821
463	828
464	868
465	784
466	752
467	773
468	748
469	693
470	711
471	766
472	752
473	753
474	754
475	740
476	750
477	785
478	704
479	724
480	745
481	676
482	742
483	777
484	782
485	751
486	738
487	833
488	786
489	732
490	678
491	712
492	722
493	811
494	774
495	792
496	791
497	823
498	869
499	797
500	786
501	734
502	742
503	744
504	837
505	802
506	781
507	829
508	836
509	796
510	772
511	764
512	713
513	757
514	754
515	749
516	788
517	859
518	867
519	788
520	792
521	764
522	746
523	701
524	715
525	757
526	736
527	788
528	762
529	782
530	762
531	734
532	667
533	664
534	652
535	666
536	698
537	710
538	619
539	679
540	663
541	641
542	627
543	603
544	601
545	585
546	571
547	562
548	551
549	586
550	583
551	516
552	553
553	463
554	488
555	498
556	519
557	506
558	503
559	476
560	491
561	411
562	439
563	425
564	405
565	389
566	387
567	371
568	383
569	377
570	351
571	352
572	331
573	380
574	356
575	289
576	301
577	314
578	291
579	300
580	269
581	294
582	286
583	282
584	241
585	251
586	233
587	201
588	186
589	239
590	186
591	254
592	189
593	203
594	200
595	181
596	178
597	185
598	170
599	151
600	152
601	147
602	144
603	135
604	143
605	148
606	160
607	156
608	111
609	137
610	120
611	121
612	107
613	126
614	105
615	106
616	115
617	98
618	86
619	105
620	117
621	108
622	106
623	70
624	98
625	98
626	71
627	104
628	86
629	83
630	77
631	82
632	73
633	87
634	76
635	90
636	75
637	69
638	65
639	89
640	63
641	77
642	73
643	57
644	69
645	43
646	81
647	57
648	62
649	67
650	53
651	69
652	68
653	62
654	94
655	67
656	52
657	60
658	64
659	59
660	42
661	77
662	62
663	54
664	40
665	65
666	70
667	56
668	45
669	62
670	61
671	47
672	43
673	70
674	53
675	45
676	63
677	63
678	54
679	95
680	50
681	56
682	49
683	40
684	60
685	45
686	43
687	56
688	54
689	80
690	62
691	46
692	54
693	49
694	49
695	60
696	54
697	44
698	47
699	69
700	52
701	5
702	3
703	5
704	2
705	1
706	2
707	4
708	3
710	2
711	1
712	1
713	1
714	4
715	1
716	1
718	1
721	1
723	2
727	2
734	2
739	1
740	1
