22	30
23	181
24	167
25	406
26	568
27	1745
28	4315
29	11504
30	15264
31	23505
32	38012
33	50682
34	49820
35	50380
36	55983
37	54551
38	58613
39	90565
40	132942
41	204063
42	275406
43	310202
44	318549
45	262671
46	205276
47	158879
48	121819
49	133971
50	154450
51	205602
52	259862
53	285286
54	305205
55	262446
56	214355
57	173978
58	126372
59	120261
60	122927
61	149735
62	196145
63	233000
64	265139
65	241767
66	191241
67	152045
68	112981
69	105848
70	97963
71	113966
72	138651
73	1709
74	2954
75	291751
76	310496
77	273798
78	115221
79	98860
80	82423
81	89236
82	97646
83	116691
84	136393
85	138822
86	130081
87	117071
88	94150
89	82036
90	65854
91	63204
92	66033
93	76999
94	90892
95	98557
96	95875
97	87741
98	73940
99	65546
100	54924
101	49270
102	48374
103	52898
104	60907
105	66777
106	67521
107	65438
108	58556
109	51279
110	43381
111	38317
112	36404
113	37360
114	41737
115	45171
116	47150
117	48800
118	47012
119	41221
120	36461
121	31290
122	28183
123	27585
124	29813
125	32107
126	33923
127	36047
128	34900
129	33887
130	30415
131	28038
132	24654
133	23016
134	22695
135	24545
136	25844
137	29273
138	30683
139	29751
140	28742
141	28998
142	25550
143	22292
144	21469
145	21799
146	23054
147	26017
148	27048
149	27090
150	26393
151	27235
152	25296
153	24558
154	24622
155	25484
156	27652
157	28899
158	28432
159	26856
160	22794
161	21126
162	20866
163	21922
164	24556
165	27739
166	31760
167	34053
168	33028
169	29108
170	23000
171	19986
172	17696
173	18128
174	20164
175	22547
176	25886
177	27897
178	27432
179	25495
180	21668
181	18069
182	15702
183	14960
184	15817
185	16373
186	17643
187	19425
188	20311
189	20121
190	17495
191	15690
192	14013
193	13052
194	12664
195	12577
196	12694
197	13643
198	14275
199	14628
200	13353
201	12777
202	11400
203	10920
204	10324
205	9729
206	9845
207	10135
208	9954
209	10321
210	9693
211	9346
212	8761
213	8642
214	8186
215	7422
216	7364
217	6853
218	7170
219	7603
220	6780
221	6740
222	6439
223	6113
224	6022
225	5773
226	5315
227	5172
228	4908
229	4966
230	4749
231	4902
232	4553
233	4486
234	4423
235	3965
236	3788
237	3801
238	3508
239	3578
240	3275
241	3291
242	3122
243	3210
244	3297
245	2879
246	2755
247	2650
248	2574
249	2792
250	2396
251	2268
252	2305
253	2187
254	2315
255	2174
256	1974
257	1893
258	1759
259	1924
260	1693
261	1836
262	1619
263	1609
264	1692
265	1434
266	1463
267	1447
268	1350
269	1442
270	1186
271	1176
272	1161
273	1290
274	1291
275	1034
276	1093
277	1010
278	1008
279	1304
280	943
281	931
282	838
283	833
284	1047
285	951
286	826
287	806
288	744
289	894
290	693
291	883
292	671
293	748
294	802
295	648
296	685
297	746
298	660
299	803
300	521
301	572
302	603
303	704
304	693
305	584
306	559
307	522
308	531
309	794
310	503
311	471
312	473
313	510
314	639
315	619
316	496
317	480
318	466
319	661
320	402
321	541
322	421
323	428
324	606
325	373
326	415
327	476
328	436
329	621
330	355
331	421
332	342
333	446
334	560
335	324
336	334
337	377
338	354
339	621
340	313
341	361
342	294
343	369
344	457
345	394
346	351
347	325
348	352
349	515
350	284
351	405
352	307
353	304
354	451
355	269
356	247
357	336
358	317
359	449
360	237
361	320
362	262
363	359
364	447
365	243
366	298
367	253
368	266
369	515
370	257
371	322
372	262
373	312
374	436
375	313
376	296
377	255
378	267
379	484
380	268
381	349
382	320
383	331
384	451
385	309
386	278
387	346
388	351
389	438
390	268
391	283
392	248
393	292
394	447
395	265
396	257
397	284
398	279
399	424
400	257
401	262
402	247
403	265
404	349
405	278
406	277
407	323
408	250
409	376
410	252
411	423
412	302
413	467
414	558
415	445
416	295
417	259
418	274
419	374
420	172
421	203
422	193
423	268
424	362
425	213
426	240
427	202
428	206
429	413
430	190
431	232
432	206
433	226
434	395
435	218
436	225
437	188
438	221
439	376
440	171
441	238
442	187
443	201
444	344
445	195
446	189
447	217
448	201
449	386
450	172
451	221
452	206
453	282
454	334
455	161
456	169
457	216
458	221
459	402
460	170
461	196
462	200
463	252
464	369
465	212
466	182
467	188
468	225
469	387
470	182
471	225
472	175
473	184
474	295
475	145
476	173
477	198
478	203
479	340
480	168
481	216
482	151
483	209
484	317
485	171
486	169
487	210
488	198
489	381
490	159
491	183
492	173
493	210
494	323
495	219
496	155
497	150
498	233
499	554
500	180
501	182
502	156
503	215
504	341
505	230
506	177
507	200
508	230
509	327
510	181
511	266
512	175
513	262
514	335
515	134
516	188
517	238
518	241
519	359
520	162
521	212
522	173
523	259
524	332
525	214
526	204
527	177
528	232
529	360
530	179
531	219
532	172
533	235
534	286
535	196
536	190
537	203
538	218
539	282
540	152
541	254
542	212
543	234
544	246
545	166
546	213
547	200
548	229
549	302
550	165
551	182
552	164
553	222
554	231
555	192
556	159
557	150
558	209
559	278
560	167
561	223
562	186
563	185
564	270
565	138
566	151
567	212
568	187
569	256
570	137
571	197
572	143
573	244
574	258
575	166
576	148
577	148
578	194
579	288
580	173
581	197
582	230
583	219
584	262
585	266
586	210
587	193
588	156
589	228
590	156
591	192
592	165
593	157
594	258
595	157
596	128
597	185
598	198
599	249
600	160
601	139
602	157
603	194
604	254
605	137
606	147
607	162
608	178
609	263
610	127
611	149
612	163
613	174
614	230
615	205
616	138
617	153
618	184
619	282
620	147
621	199
622	198
623	169
624	243
625	155
626	160
627	206
628	175
629	245
630	145
631	148
632	156
633	281
634	199
635	147
636	149
637	140
638	180
639	257
640	169
641	156
642	137
643	208
644	282
645	178
646	168
647	125
648	179
649	238
650	154
651	190
652	170
653	194
654	236
655	152
656	137
657	196
658	210
659	278
660	137
661	161
662	164
663	203
664	276
665	144
666	141
667	152
668	180
669	267
670	136
671	165
672	136
673	193
674	241
675	158
676	153
677	161
678	221
679	231
680	164
681	187
682	154
683	218
684	210
685	152
686	131
687	187
688	184
689	228
690	132
691	142
692	135
693	215
694	170
695	142
696	107
697	152
698	148
699	209
700	107
701	39
702	40
703	44
704	62
705	31
706	19
707	25
708	38
709	26
710	28
711	13
712	25
713	19
714	15
715	28
716	10
717	11
718	14
719	16
720	7
721	9
722	8
723	5
724	10
725	4
726	5
727	15
728	4
729	3
730	7
731	1
732	2
733	4
734	2
735	5
736	4
737	3
739	1
740	1
741	1
742	1
743	1
744	3
745	1
748	1
750	1
752	1
755	1
