22	29
23	76
24	87
25	160
26	1103
27	1802
28	3341
29	6393
30	7870
31	10279
32	18057
33	23435
34	21754
35	26746
36	36355
37	36515
38	43316
39	68221
40	111165
41	173612
42	238391
43	260039
44	260597
45	208560
46	166971
47	123174
48	98481
49	118010
50	155025
51	216847
52	291411
53	314121
54	328223
55	262971
56	206791
57	159700
58	110409
59	109026
60	119136
61	158714
62	221040
63	264745
64	295778
65	248888
66	186697
67	137415
68	95769
69	88976
70	87643
71	110646
72	141240
73	1166
74	2287
75	276301
76	302929
77	259944
78	95746
79	77122
80	65812
81	75124
82	86512
83	105838
84	128507
85	131174
86	119045
87	98853
88	72932
89	59727
90	48323
91	46695
92	52080
93	64728
94	78587
95	87567
96	82454
97	69516
98	55743
99	46819
100	40475
101	34528
102	35772
103	39275
104	47742
105	54033
106	53662
107	50389
108	42595
109	34152
110	29147
111	25434
112	24459
113	25181
114	29548
115	33838
116	35155
117	36201
118	33540
119	26356
120	22881
121	19195
122	17457
123	17578
124	19385
125	22204
126	23212
127	24679
128	23700
129	22227
130	20343
131	19052
132	16444
133	14966
134	14857
135	15972
136	17446
137	20511
138	22493
139	21680
140	23264
141	26100
142	22567
143	17345
144	15658
145	15817
146	16569
147	18646
148	20744
149	20799
150	23548
151	26616
152	25103
153	22798
154	22495
155	22888
156	24199
157	24373
158	22414
159	19989
160	16800
161	16754
162	18101
163	20473
164	23400
165	27863
166	31317
167	31469
168	28096
169	22525
170	16578
171	14176
172	12688
173	14583
174	17183
175	19636
176	21937
177	23309
178	21051
179	18523
180	14187
181	11554
182	9937
183	10061
184	10972
185	11295
186	12509
187	12956
188	13300
189	12374
190	10226
191	8619
192	7456
193	6985
194	6956
195	6921
196	7173
197	7178
198	7575
199	7304
200	6435
201	5942
202	5292
203	4786
204	4638
205	4340
206	4206
207	4471
208	4111
209	4051
210	3845
211	3725
212	3385
213	3240
214	3258
215	2819
216	2582
217	2484
218	2454
219	2546
220	2222
221	2116
222	1949
223	1871
224	1888
225	1946
226	1663
227	1456
228	1416
229	1516
230	1211
231	1331
232	1149
233	1142
234	1167
235	1026
236	1007
237	1111
238	829
239	976
240	765
241	717
242	740
243	881
244	825
245	633
246	595
247	681
248	569
249	813
250	495
251	436
252	473
253	458
254	583
255	521
256	423
257	395
258	379
259	503
260	336
261	457
262	375
263	363
264	406
265	340
266	345
267	442
268	355
269	414
270	266
271	319
272	267
273	350
274	370
275	250
276	311
277	265
278	260
279	483
280	228
281	273
282	263
283	246
284	343
285	333
286	279
287	236
288	214
289	335
290	201
291	303
292	201
293	220
294	312
295	197
296	231
297	288
298	241
299	337
300	218
301	224
302	209
303	312
304	323
305	181
306	205
307	217
308	202
309	380
310	235
311	237
312	199
313	238
314	296
315	289
316	237
317	226
318	229
319	340
320	184
321	298
322	245
323	197
324	298
325	193
326	221
327	264
328	235
329	341
330	167
331	232
332	213
333	295
334	309
335	198
336	185
337	198
338	180
339	329
340	181
341	188
342	174
343	166
344	292
345	233
346	193
347	189
348	152
349	312
350	173
351	262
352	200
353	156
354	281
355	168
356	194
357	207
358	182
359	284
360	163
361	177
362	135
363	223
364	287
365	165
366	180
367	131
368	177
369	304
370	174
371	188
372	182
373	221
374	303
375	187
376	200
377	176
378	164
379	306
380	147
381	229
382	191
383	241
384	299
385	190
386	195
387	206
388	199
389	313
390	205
391	209
392	192
393	222
394	320
395	198
396	209
397	232
398	198
399	285
400	192
401	221
402	170
403	169
404	246
405	215
406	197
407	213
408	210
409	240
410	175
411	296
412	308
413	356
414	356
415	370
416	285
417	217
418	166
419	195
420	135
421	162
422	153
423	194
424	228
425	133
426	153
427	135
428	143
429	244
430	120
431	145
432	131
433	152
434	230
435	150
436	151
437	122
438	160
439	241
440	132
441	191
442	138
443	129
444	210
445	124
446	146
447	184
448	139
449	264
450	135
451	159
452	144
453	180
454	220
455	143
456	135
457	180
458	168
459	290
460	133
461	128
462	157
463	137
464	218
465	160
466	147
467	136
468	127
469	232
470	132
471	178
472	125
473	143
474	214
475	122
476	128
477	158
478	131
479	235
480	117
481	135
482	134
483	142
484	217
485	110
486	158
487	145
488	147
489	317
490	132
491	128
492	117
493	147
494	221
495	144
496	160
497	112
498	170
499	311
500	98
501	166
502	118
503	143
504	230
505	177
506	150
507	134
508	148
509	210
510	128
511	154
512	126
513	176
514	190
515	116
516	132
517	170
518	151
519	249
520	143
521	157
522	123
523	164
524	202
525	183
526	140
527	80
528	159
529	237
530	139
531	178
532	114
533	146
534	184
535	151
536	126
537	157
538	154
539	165
540	103
541	210
542	161
543	169
544	177
545	116
546	118
547	128
548	140
549	223
550	132
551	118
552	125
553	164
554	137
555	156
556	113
557	109
558	128
559	222
560	113
561	190
562	130
563	143
564	167
565	126
566	150
567	118
568	142
569	171
570	103
571	104
572	133
573	173
574	178
575	128
576	125
577	120
578	152
579	196
580	122
581	121
582	191
583	180
584	181
585	182
586	141
587	144
588	133
589	171
590	82
591	141
592	133
593	113
594	180
595	89
596	112
597	144
598	140
599	170
600	114
601	109
602	108
603	143
604	174
605	105
606	70
607	103
608	120
609	229
610	131
611	94
612	98
613	124
614	187
615	149
616	122
617	99
618	115
619	233
620	96
621	166
622	163
623	139
624	162
625	107
626	127
627	151
628	124
629	172
630	95
631	105
632	108
633	192
634	137
635	99
636	130
637	119
638	144
639	200
640	115
641	104
642	115
643	124
644	196
645	142
646	121
647	115
648	130
649	164
650	94
651	142
652	123
653	114
654	162
655	144
656	113
657	157
658	145
659	172
660	112
661	131
662	117
663	168
664	182
665	120
666	115
667	123
668	138
669	198
670	107
671	122
672	116
673	135
674	164
675	177
676	131
677	116
678	151
679	161
680	94
681	146
682	111
683	158
684	151
685	114
686	102
687	146
688	108
689	192
690	91
691	114
692	93
693	179
694	136
695	95
696	75
697	110
698	108
699	145
700	75
701	41
702	40
703	31
704	31
705	21
706	32
707	30
708	16
709	16
710	33
711	8
712	16
713	6
714	12
715	16
716	8
717	12
718	16
719	7
720	14
721	2
722	4
723	9
724	12
725	5
726	3
727	3
728	8
729	3
730	1
731	6
732	10
733	2
734	2
735	1
736	2
737	3
738	3
739	1
740	4
742	1
743	1
745	2
746	2
748	1
750	1
755	1
758	1
