22	1
23	25
24	11
25	36
26	119
27	269
28	595
29	1479
30	2188
31	3161
32	5495
33	6499
34	5465
35	6631
36	9150
37	7572
38	9078
39	19156
40	37854
41	72690
42	107566
43	117260
44	112348
45	86494
46	67525
47	36771
48	25627
49	31379
50	56017
51	96033
52	128051
53	156465
54	155968
55	123972
56	94487
57	55661
58	35345
59	34759
60	45106
61	76751
62	117126
63	147561
64	168657
65	145662
66	108539
67	72655
68	42771
69	34050
70	34861
71	54220
72	81632
73	540
74	1700
75	174332
76	216547
77	178577
78	52805
79	37204
80	31054
81	42787
82	57864
83	87322
84	101553
85	103638
86	100727
87	75520
88	51679
89	36106
90	29158
91	28856
92	40851
93	55815
94	80867
95	80966
96	81423
97	73058
98	49558
99	40812
100	29698
101	24466
102	27389
103	36796
104	60421
105	65080
106	71232
107	54161
108	46933
109	36633
110	28452
111	24534
112	22302
113	27987
114	35781
115	42763
116	50681
117	49881
118	42792
119	33037
120	25715
121	20572
122	18294
123	22239
124	28352
125	31250
126	36122
127	39450
128	35429
129	29293
130	26106
131	20393
132	20700
133	19169
134	21076
135	25045
136	28582
137	30534
138	30873
139	25427
140	25076
141	22547
142	20292
143	19959
144	20155
145	22166
146	24751
147	26863
148	27091
149	23654
150	22953
151	22726
152	19601
153	21109
154	21891
155	23264
156	26696
157	26886
158	24829
159	23421
160	18557
161	18802
162	17172
163	18893
164	20868
165	23810
166	27021
167	28163
168	27008
169	24049
170	17867
171	16937
172	14045
173	15515
174	17345
175	19167
176	20862
177	23346
178	21915
179	19686
180	17981
181	13425
182	12249
183	11574
184	12053
185	13282
186	14309
187	15624
188	15791
189	15441
190	13979
191	11890
192	9993
193	9173
194	9199
195	9347
196	9926
197	11029
198	10812
199	11515
200	10378
201	8996
202	8050
203	7310
204	7605
205	7049
206	7604
207	7511
208	7311
209	8515
210	7124
211	6673
212	6234
213	5982
214	5480
215	4985
216	5233
217	4895
218	5061
219	5149
220	4877
221	4874
222	4341
223	4092
224	3947
225	3855
226	3774
227	3512
228	3513
229	3277
230	3288
231	3339
232	3130
233	2800
234	2834
235	2691
236	2468
237	2495
238	2268
239	2283
240	2214
241	2100
242	2149
243	2141
244	1929
245	1870
246	1753
247	1622
248	1553
249	1588
250	1506
251	1406
252	1469
253	1299
254	1429
255	1279
256	1257
257	1163
258	1092
259	1125
260	946
261	1027
262	985
263	917
264	921
265	954
266	939
267	864
268	789
269	713
270	690
271	687
272	672
273	705
274	699
275	654
276	613
277	619
278	620
279	692
280	506
281	558
282	506
283	459
284	497
285	541
286	454
287	551
288	502
289	537
290	456
291	483
292	430
293	366
294	431
295	349
296	413
297	463
298	424
299	467
300	443
301	398
302	368
303	371
304	355
305	293
306	305
307	319
308	371
309	421
310	419
311	353
312	321
313	318
314	347
315	284
316	272
317	258
318	286
319	301
320	304
321	374
322	284
323	301
324	297
325	227
326	223
327	245
328	260
329	258
330	222
331	264
332	276
333	279
334	266
335	197
336	188
337	182
338	215
339	244
340	176
341	169
342	168
343	177
344	206
345	193
346	146
347	171
348	152
349	155
350	131
351	154
352	174
353	118
354	157
355	103
356	110
357	135
358	118
359	145
360	103
361	103
362	108
363	125
364	141
365	73
366	94
367	94
368	100
369	137
370	111
371	125
372	87
373	97
374	115
375	81
376	83
377	76
378	67
379	129
380	70
381	89
382	77
383	75
384	100
385	73
386	63
387	77
388	63
389	84
390	61
391	64
392	73
393	87
394	107
395	61
396	65
397	74
398	72
399	97
400	65
401	76
402	55
403	77
404	85
405	79
406	68
407	66
408	58
409	98
410	59
411	107
412	86
413	106
414	164
415	97
416	69
417	73
418	48
419	67
420	47
421	48
422	38
423	80
424	69
425	61
426	53
427	42
428	43
429	82
430	38
431	39
432	26
433	41
434	87
435	61
436	53
437	31
438	43
439	84
440	35
441	65
442	44
443	43
444	77
445	46
446	52
447	56
448	44
449	60
450	29
451	53
452	47
453	39
454	58
455	32
456	43
457	58
458	45
459	83
460	36
461	42
462	33
463	46
464	41
465	55
466	49
467	39
468	38
469	61
470	35
471	58
472	44
473	38
474	40
475	27
476	38
477	53
478	50
479	64
480	39
481	32
482	25
483	53
484	40
485	29
486	30
487	44
488	43
489	85
490	38
491	23
492	24
493	48
494	62
495	40
496	36
497	40
498	44
499	93
500	54
501	43
502	27
503	35
504	62
505	67
506	35
507	44
508	46
509	73
510	29
511	63
512	38
513	67
514	85
515	45
516	34
517	68
518	39
519	69
520	39
521	44
522	42
523	71
524	54
525	51
526	33
527	24
528	50
529	73
530	28
531	64
532	34
533	43
534	66
535	55
536	27
537	59
538	47
539	51
540	32
541	51
542	56
543	49
544	69
545	31
546	48
547	64
548	36
549	59
550	43
551	36
552	29
553	42
554	44
555	56
556	32
557	42
558	45
559	40
560	34
561	41
562	26
563	42
564	35
565	36
566	43
567	39
568	34
569	74
570	21
571	32
572	32
573	64
574	42
575	36
576	29
577	52
578	38
579	45
580	41
581	38
582	55
583	31
584	49
585	64
586	39
587	27
588	38
589	55
590	32
591	35
592	35
593	35
594	43
595	23
596	33
597	41
598	36
599	40
600	23
601	38
602	24
603	58
604	41
605	29
606	24
607	28
608	24
609	42
610	23
611	25
612	36
613	31
614	36
615	44
616	49
617	34
618	26
619	59
620	29
621	55
622	28
623	34
624	45
625	21
626	33
627	44
628	39
629	55
630	17
631	32
632	28
633	71
634	48
635	25
636	20
637	27
638	32
639	74
640	37
641	34
642	36
643	33
644	56
645	39
646	33
647	31
648	34
649	43
650	20
651	52
652	50
653	33
654	51
655	21
656	40
657	41
658	42
659	49
660	19
661	26
662	31
663	50
664	44
665	32
666	30
667	43
668	38
669	64
670	29
671	21
672	23
673	31
674	47
675	64
676	34
677	38
678	28
679	51
680	34
681	46
682	37
683	43
684	33
685	24
686	25
687	46
688	32
689	48
690	26
691	20
692	25
693	51
694	31
695	14
696	29
697	26
698	32
699	50
700	35
701	13
702	8
703	4
704	6
705	12
707	2
708	11
709	3
710	2
712	3
713	2
714	3
715	5
716	5
718	5
719	1
720	3
723	1
724	1
726	3
727	3
728	1
729	4
730	2
731	3
734	4
735	3
742	1
