23	24
24	4
25	25
26	75
27	117
28	365
29	1169
30	1966
31	3127
32	5661
33	7146
34	6826
35	6777
36	6861
37	5625
38	6046
39	11718
40	23536
41	41583
42	59685
43	69564
44	68176
45	55001
46	37616
47	23245
48	15480
49	18099
50	28905
51	45223
52	64595
53	73379
54	73885
55	61186
56	43835
57	29279
58	17716
59	16137
60	21008
61	31789
62	47605
63	62137
64	68929
65	60804
66	44626
67	30241
68	18801
69	14923
70	15581
71	22016
72	32235
73	370
74	556
75	62202
76	76110
77	60777
78	20743
79	15164
80	12778
81	15188
82	20405
83	27438
84	34250
85	36482
86	32689
87	27041
88	18663
89	13492
90	10485
91	10441
92	13001
93	17737
94	22433
95	25728
96	25045
97	21397
98	16188
99	12207
100	9429
101	8508
102	8830
103	11510
104	14449
105	17524
106	18001
107	17321
108	14094
109	10707
110	8348
111	7016
112	7021
113	7858
114	10172
115	12392
116	13626
117	14018
118	12473
119	9948
120	8551
121	7225
122	6509
123	6607
124	7912
125	9559
126	11015
127	12217
128	11680
129	10847
130	10655
131	11425
132	10230
133	8417
134	8217
135	9695
136	11314
137	16149
138	19205
139	16857
140	17074
141	20171
142	18927
143	15677
144	15215
145	15046
146	17171
147	20653
148	23646
149	21418
150	19896
151	21792
152	23542
153	25572
154	28928
155	33102
156	37779
157	42294
158	41952
159	35268
160	27095
161	24167
162	25756
163	31705
164	40237
165	52034
166	67735
167	80480
168	78922
169	64078
170	45873
171	34752
172	30950
173	33858
174	42683
175	56395
176	71129
177	83047
178	84079
179	74483
180	58900
181	45976
182	37732
183	36677
184	40873
185	48057
186	58285
187	67004
188	72953
189	70250
190	61847
191	52699
192	46372
193	42199
194	43582
195	46638
196	51184
197	56225
198	60575
199	61260
200	57674
201	53527
202	48991
203	46015
204	44696
205	44864
206	46213
207	48625
208	50703
209	50444
210	48720
211	47229
212	45214
213	43312
214	41621
215	41054
216	40465
217	40401
218	40975
219	40583
220	39706
221	39031
222	37498
223	36696
224	35768
225	34895
226	34310
227	33102
228	32625
229	31868
230	31213
231	30197
232	29688
233	28773
234	28122
235	28197
236	26814
237	26025
238	24838
239	24079
240	23161
241	22454
242	22054
243	21687
244	20950
245	20652
246	20315
247	19219
248	18725
249	17961
250	17363
251	16792
252	16252
253	15894
254	15501
255	15126
256	15006
257	14436
258	13776
259	13179
260	12638
261	12306
262	12003
263	11441
264	11236
265	11001
266	10767
267	10728
268	10104
269	9805
270	9591
271	8792
272	8741
273	8456
274	8123
275	8045
276	7999
277	8087
278	7971
279	7886
280	7598
281	7452
282	7294
283	6842
284	6610
285	6340
286	6164
287	6365
288	6517
289	6681
290	6843
291	6793
292	6847
293	6475
294	6351
295	5997
296	5771
297	5743
298	5852
299	6295
300	6851
301	7232
302	7375
303	7305
304	7026
305	6390
306	5857
307	5728
308	5838
309	6086
310	6520
311	7229
312	7374
313	7849
314	7582
315	7326
316	6747
317	6372
318	6146
319	6232
320	6371
321	6880
322	7389
323	7840
324	7955
325	8000
326	7825
327	7302
328	6999
329	6614
330	6664
331	6596
332	6849
333	7086
334	7555
335	7738
336	7770
337	7433
338	7371
339	7043
340	6760
341	6548
342	6252
343	6371
344	6702
345	6819
346	6923
347	6863
348	6955
349	6853
350	6554
351	6344
352	5874
353	5793
354	5873
355	5721
356	6024
357	6136
358	6364
359	6215
360	6111
361	5888
362	5549
363	5223
364	4902
365	4834
366	4799
367	5094
368	5265
369	5329
370	5322
371	5210
372	4895
373	4552
374	4408
375	4152
376	4097
377	4200
378	4148
379	4295
380	4228
381	4225
382	4014
383	3845
384	3600
385	3427
386	3262
387	3202
388	3270
389	3217
390	3345
391	3316
392	3188
393	2992
394	2821
395	2657
396	2708
397	2553
398	2387
399	2488
400	2537
401	2431
402	2354
403	2279
404	2318
405	2179
406	2020
407	1974
408	1861
409	1940
410	1904
411	1946
412	1919
413	1873
414	1685
415	1523
416	1577
417	1448
418	1474
419	1397
420	1422
421	1367
422	1323
423	1304
424	1295
425	1189
426	1127
427	1090
428	1054
429	1028
430	995
431	1019
432	976
433	965
434	932
435	935
436	820
437	855
438	747
439	775
440	706
441	724
442	703
443	822
444	774
445	689
446	692
447	642
448	651
449	629
450	588
451	583
452	602
453	565
454	637
455	598
456	555
457	523
458	486
459	504
460	516
461	471
462	484
463	441
464	463
465	511
466	442
467	439
468	373
469	389
470	398
471	397
472	385
473	385
474	417
475	406
476	398
477	389
478	342
479	355
480	312
481	329
482	328
483	353
484	377
485	367
486	363
487	318
488	321
489	308
490	302
491	308
492	297
493	273
494	284
495	327
496	282
497	271
498	300
499	280
500	264
501	262
502	250
503	288
504	272
505	286
506	249
507	270
508	315
509	298
510	246
511	263
512	225
513	250
514	236
515	232
516	247
517	276
518	260
519	236
520	250
521	206
522	222
523	223
524	200
525	208
526	226
527	223
528	236
529	227
530	230
531	194
532	198
533	161
534	192
535	174
536	192
537	213
538	244
539	183
540	171
541	208
542	142
543	166
544	148
545	149
546	130
547	172
548	140
549	172
550	140
551	128
552	113
553	131
554	129
555	132
556	140
557	131
558	134
559	142
560	112
561	119
562	116
563	111
564	94
565	107
566	130
567	97
568	126
569	113
570	97
571	101
572	100
573	101
574	113
575	109
576	99
577	85
578	96
579	96
580	82
581	93
582	89
583	102
584	81
585	86
586	103
587	71
588	50
589	68
590	60
591	75
592	80
593	54
594	68
595	61
596	58
597	59
598	56
599	62
600	51
601	51
602	46
603	39
604	79
605	31
606	53
607	57
608	41
609	63
610	39
611	46
612	37
613	48
614	38
615	36
616	38
617	46
618	37
619	47
620	31
621	50
622	41
623	41
624	47
625	49
626	47
627	48
628	44
629	50
630	32
631	28
632	27
633	58
634	37
635	34
636	32
637	37
638	33
639	49
640	24
641	31
642	34
643	33
644	46
645	39
646	29
647	26
648	36
649	34
650	23
651	35
652	36
653	27
654	33
655	49
656	26
657	37
658	33
659	55
660	22
661	28
662	38
663	39
664	40
665	39
666	28
667	22
668	31
669	50
670	20
671	25
672	30
673	25
674	33
675	31
676	36
677	41
678	28
679	40
680	31
681	35
682	27
683	39
684	33
685	24
686	33
687	44
688	39
689	34
690	50
691	23
692	24
693	32
694	30
695	29
696	26
697	35
698	26
699	45
700	35
701	7
702	6
703	7
704	6
705	2
706	7
707	3
709	3
710	1
713	1
715	3
716	3
717	1
719	1
723	1
727	2
742	1
