22	23
23	158
24	91
25	324
26	1945
27	2333
28	6435
29	12659
30	15607
31	18664
32	33043
33	40371
34	40989
35	58218
36	82206
37	74265
38	85676
39	153388
40	274090
41	428858
42	574335
43	594385
44	563178
45	421368
46	287026
47	165640
48	115405
49	132919
50	209565
51	314458
52	414485
53	456703
54	444521
55	353249
56	251407
57	161336
58	101387
59	98177
60	122585
61	188576
62	270132
63	336584
64	362880
65	310417
66	226146
67	150567
68	95022
69	75378
70	82094
71	114990
72	161773
73	910
74	3087
75	357255
76	358162
77	294681
78	95694
79	67336
80	61040
81	78045
82	98855
83	133613
84	153469
85	155705
86	145071
87	109818
88	77342
89	55992
90	45926
91	47141
92	60515
93	78061
94	102945
95	103733
96	101739
97	87547
98	63744
99	49919
100	38910
101	34116
102	38533
103	47996
104	67458
105	74342
106	76610
107	62217
108	53606
109	40251
110	31943
111	27747
112	27177
113	32016
114	39971
115	45728
116	50677
117	49449
118	42002
119	33996
120	26955
121	22202
122	20762
123	23011
124	27825
125	31248
126	35275
127	36754
128	33445
129	29280
130	26626
131	23311
132	21109
133	19072
134	20460
135	23336
136	26973
137	31400
138	33041
139	28618
140	29327
141	29500
142	27138
143	23892
144	23234
145	24749
146	26665
147	29978
148	31443
149	28119
150	27329
151	28903
152	29409
153	32686
154	35220
155	38652
156	42257
157	43608
158	39583
159	33294
160	26158
161	25881
162	27779
163	33797
164	40852
165	50216
166	59457
167	62591
168	56881
169	44083
170	31915
171	26368
172	24083
173	27749
174	33658
175	41593
176	48444
177	52226
178	49078
179	41399
180	33010
181	25690
182	22460
183	22703
184	24666
185	28386
186	31873
187	35070
188	36259
189	32901
190	27907
191	23209
192	20629
193	19382
194	19475
195	20666
196	21979
197	24495
198	24275
199	24162
200	21856
201	19497
202	17163
203	15929
204	15853
205	15287
206	16223
207	16301
208	16776
209	16497
210	15510
211	14373
212	13599
213	12968
214	12081
215	11771
216	11469
217	11223
218	11264
219	10986
220	10898
221	10441
222	9587
223	9149
224	8958
225	8620
226	7974
227	7927
228	7634
229	7248
230	7241
231	7167
232	6672
233	6465
234	6104
235	5857
236	5700
237	5425
238	5107
239	4840
240	4701
241	4578
242	4683
243	4429
244	4321
245	4091
246	3825
247	3717
248	3337
249	3373
250	3110
251	3156
252	2866
253	3042
254	2902
255	2867
256	2665
257	2518
258	2400
259	2229
260	2078
261	2110
262	1939
263	2015
264	1845
265	1834
266	1784
267	1753
268	1605
269	1508
270	1473
271	1396
272	1314
273	1431
274	1354
275	1282
276	1244
277	1240
278	1130
279	1180
280	1054
281	974
282	954
283	965
284	944
285	989
286	885
287	830
288	853
289	870
290	885
291	863
292	816
293	713
294	715
295	610
296	652
297	767
298	691
299	742
300	684
301	698
302	653
303	684
304	512
305	506
306	531
307	498
308	501
309	641
310	560
311	545
312	508
313	516
314	522
315	532
316	462
317	424
318	448
319	477
320	421
321	473
322	471
323	438
324	411
325	421
326	357
327	385
328	410
329	383
330	325
331	343
332	323
333	401
334	330
335	336
336	351
337	295
338	309
339	326
340	315
341	270
342	242
343	240
344	276
345	278
346	263
347	226
348	241
349	240
350	212
351	282
352	204
353	185
354	181
355	195
356	230
357	225
358	205
359	211
360	170
361	175
362	174
363	185
364	172
365	134
366	142
367	126
368	170
369	199
370	174
371	128
372	108
373	143
374	115
375	152
376	122
377	106
378	111
379	149
380	137
381	124
382	134
383	92
384	129
385	112
386	112
387	119
388	106
389	108
390	78
391	115
392	111
393	128
394	134
395	87
396	89
397	89
398	84
399	114
400	116
401	85
402	83
403	85
404	66
405	128
406	75
407	75
408	60
409	86
410	55
411	112
412	107
413	86
414	95
415	88
416	94
417	72
418	64
419	61
420	45
421	55
422	46
423	82
424	59
425	57
426	42
427	52
428	38
429	101
430	45
431	39
432	30
433	59
434	72
435	70
436	56
437	29
438	39
439	55
440	33
441	48
442	46
443	41
444	51
445	51
446	33
447	83
448	44
449	56
450	60
451	45
452	34
453	53
454	43
455	44
456	50
457	49
458	51
459	62
460	47
461	40
462	43
463	43
464	57
465	56
466	29
467	30
468	35
469	39
470	30
471	52
472	39
473	32
474	34
475	35
476	35
477	46
478	30
479	42
480	35
481	41
482	39
483	47
484	38
485	30
486	23
487	32
488	40
489	85
490	39
491	32
492	28
493	37
494	46
495	58
496	26
497	30
498	51
499	81
500	30
501	44
502	27
503	24
504	42
505	80
506	40
507	53
508	30
509	43
510	42
511	77
512	36
513	56
514	48
515	35
516	25
517	59
518	21
519	71
520	46
521	23
522	44
523	68
524	36
525	51
526	29
527	17
528	18
529	66
530	28
531	53
532	21
533	30
534	30
535	51
536	23
537	43
538	43
539	27
540	25
541	48
542	33
543	48
544	40
545	31
546	29
547	45
548	33
549	57
550	37
551	25
552	33
553	35
554	32
555	49
556	33
557	23
558	22
559	41
560	23
561	52
562	28
563	31
564	34
565	18
566	27
567	49
568	37
569	25
570	22
571	21
572	20
573	45
574	41
575	25
576	32
577	20
578	24
579	50
580	20
581	14
582	38
583	40
584	24
585	51
586	45
587	35
588	27
589	36
590	34
591	46
592	19
593	14
594	28
595	15
596	26
597	55
598	35
599	30
600	21
601	17
602	24
603	51
604	34
605	28
606	15
607	19
608	21
609	60
610	24
611	19
612	12
613	22
614	30
615	47
616	29
617	25
618	27
619	30
620	32
621	57
622	32
623	13
624	36
625	14
626	27
627	41
628	23
629	25
630	21
631	25
632	22
633	46
634	20
635	10
636	22
637	27
638	24
639	54
640	15
641	23
642	17
643	12
644	34
645	50
646	28
647	25
648	25
649	21
650	16
651	55
652	30
653	30
654	21
655	28
656	20
657	49
658	22
659	44
660	20
661	22
662	16
663	42
664	29
665	38
666	21
667	18
668	39
669	68
670	30
671	16
672	27
673	23
674	22
675	48
676	30
677	14
678	28
679	25
680	27
681	51
682	14
683	19
684	18
685	34
686	19
687	35
688	31
689	25
690	13
691	12
692	18
693	52
694	39
695	26
696	20
697	14
698	23
699	49
700	19
701	5
702	2
703	2
704	1
705	3
706	3
707	1
708	1
709	3
710	6
711	1
712	1
714	1
716	2
722	1
724	3
725	1
727	4
729	1
738	1
744	1
748	1
