23	17
24	14
25	42
26	202
27	223
28	750
29	1642
30	2501
31	3158
32	6244
33	7722
34	7216
35	7788
36	10941
37	8943
38	11377
39	22936
40	48056
41	85953
42	124530
43	137273
44	135933
45	103742
46	74316
47	40137
48	27291
49	33017
50	59466
51	100856
52	140408
53	165147
54	162713
55	127615
56	94249
57	54779
58	33056
59	32802
60	44706
61	76670
62	117370
63	153081
64	166042
65	143415
66	104273
67	67067
68	39257
69	30254
70	33305
71	54999
72	82775
73	1027
74	2054
75	193084
76	204931
77	171206
78	48967
79	32853
80	28281
81	41069
82	54782
83	82085
84	99166
85	99165
86	95805
87	67665
88	45322
89	30613
90	24740
91	25851
92	37851
93	53596
94	77163
95	76559
96	76638
97	66481
98	44701
99	34935
100	25633
101	20757
102	24850
103	34767
104	57593
105	61680
106	68098
107	49575
108	42269
109	31283
110	23021
111	20835
112	19579
113	25347
114	33598
115	40260
116	48529
117	47140
118	39514
119	29641
120	23043
121	18919
122	16970
123	20819
124	26344
125	29852
126	36032
127	38883
128	34911
129	29845
130	30030
131	27223
132	24410
133	20882
134	21756
135	25454
136	30021
137	33892
138	36041
139	30345
140	32860
141	33561
142	31009
143	28829
144	27762
145	28578
146	30835
147	34306
148	36323
149	30692
150	30752
151	30559
152	29892
153	33106
154	34756
155	38026
156	42936
157	42755
158	38712
159	33550
160	26289
161	26608
162	26000
163	30461
164	34826
165	42044
166	48543
167	51251
168	48363
169	39935
170	29329
171	24858
172	22137
173	24376
174	28537
175	34399
176	38894
177	42577
178	39703
179	35072
180	30518
181	22968
182	20063
183	19783
184	21050
185	23932
186	26555
187	28936
188	29332
189	28299
190	24299
191	20462
192	17351
193	16252
194	16455
195	16917
196	18257
197	20286
198	20671
199	20816
200	19040
201	15916
202	14403
203	13291
204	13296
205	12859
206	13774
207	13655
208	13635
209	14870
210	12912
211	12364
212	11115
213	10481
214	9974
215	9426
216	9575
217	9161
218	9527
219	9229
220	8963
221	9035
222	8114
223	7475
224	7082
225	6986
226	6831
227	6332
228	6284
229	5974
230	5973
231	5834
232	5593
233	5074
234	4990
235	4849
236	4539
237	4492
238	4154
239	3979
240	4008
241	3835
242	3705
243	3549
244	3442
245	3259
246	3183
247	2913
248	2776
249	2602
250	2728
251	2370
252	2585
253	2438
254	2417
255	2324
256	2278
257	2070
258	2097
259	1911
260	1765
261	1756
262	1712
263	1512
264	1592
265	1632
266	1575
267	1607
268	1509
269	1398
270	1296
271	1192
272	1156
273	1220
274	1186
275	1212
276	1228
277	1185
278	1221
279	1206
280	1136
281	1092
282	947
283	846
284	947
285	928
286	992
287	1027
288	1071
289	1110
290	1029
291	1016
292	915
293	832
294	804
295	792
296	790
297	925
298	986
299	1086
300	1125
301	1026
302	1030
303	884
304	803
305	692
306	753
307	713
308	886
309	943
310	963
311	1005
312	887
313	795
314	838
315	724
316	667
317	657
318	630
319	847
320	759
321	833
322	742
323	728
324	686
325	582
326	593
327	582
328	591
329	594
330	613
331	537
332	592
333	620
334	589
335	483
336	470
337	474
338	435
339	553
340	446
341	385
342	428
343	408
344	429
345	397
346	363
347	349
348	341
349	369
350	319
351	379
352	313
353	287
354	279
355	255
356	257
357	254
358	267
359	283
360	219
361	196
362	213
363	224
364	200
365	194
366	190
367	151
368	167
369	234
370	164
371	178
372	135
373	154
374	165
375	161
376	180
377	127
378	118
379	156
380	106
381	109
382	124
383	119
384	119
385	113
386	89
387	95
388	83
389	109
390	112
391	90
392	85
393	120
394	91
395	94
396	75
397	90
398	78
399	107
400	76
401	92
402	80
403	53
404	114
405	81
406	71
407	60
408	53
409	79
410	51
411	112
412	77
413	85
414	105
415	91
416	73
417	89
418	53
419	74
420	62
421	50
422	46
423	86
424	69
425	51
426	42
427	47
428	38
429	78
430	46
431	35
432	34
433	48
434	71
435	63
436	68
437	45
438	52
439	55
440	53
441	56
442	38
443	33
444	62
445	43
446	43
447	66
448	47
449	58
450	43
451	58
452	51
453	62
454	48
455	40
456	32
457	57
458	35
459	72
460	37
461	49
462	47
463	34
464	50
465	53
466	40
467	42
468	37
469	72
470	43
471	43
472	41
473	36
474	58
475	54
476	25
477	50
478	38
479	46
480	22
481	58
482	27
483	51
484	36
485	45
486	28
487	40
488	28
489	65
490	41
491	29
492	35
493	34
494	40
495	38
496	30
497	35
498	30
499	72
500	42
501	29
502	40
503	34
504	51
505	70
506	44
507	55
508	51
509	83
510	51
511	53
512	38
513	49
514	44
515	25
516	44
517	66
518	34
519	90
520	26
521	41
522	41
523	61
524	50
525	38
526	34
527	22
528	42
529	79
530	38
531	43
532	43
533	47
534	49
535	50
536	35
537	59
538	40
539	42
540	34
541	56
542	34
543	55
544	42
545	23
546	39
547	43
548	44
549	58
550	42
551	35
552	21
553	35
554	34
555	47
556	50
557	29
558	39
559	45
560	28
561	51
562	43
563	45
564	48
565	20
566	28
567	49
568	30
569	38
570	27
571	24
572	40
573	44
574	38
575	24
576	35
577	34
578	46
579	47
580	33
581	38
582	46
583	45
584	32
585	58
586	24
587	41
588	32
589	50
590	35
591	49
592	25
593	27
594	42
595	30
596	29
597	66
598	28
599	37
600	31
601	20
602	32
603	53
604	29
605	25
606	24
607	26
608	34
609	59
610	24
611	32
612	27
613	34
614	46
615	34
616	31
617	35
618	21
619	71
620	26
621	53
622	30
623	30
624	44
625	30
626	36
627	50
628	40
629	39
630	16
631	39
632	26
633	39
634	33
635	27
636	22
637	42
638	48
639	63
640	29
641	31
642	27
643	29
644	43
645	46
646	25
647	32
648	30
649	38
650	29
651	41
652	34
653	21
654	44
655	22
656	30
657	51
658	28
659	28
660	33
661	44
662	20
663	48
664	48
665	25
666	36
667	35
668	37
669	49
670	23
671	21
672	31
673	28
674	49
675	51
676	39
677	36
678	43
679	41
680	41
681	52
682	25
683	47
684	37
685	57
686	27
687	39
688	44
689	38
690	19
691	28
692	26
693	43
694	35
695	21
696	27
697	26
698	32
699	51
700	27
701	6
702	7
703	13
704	5
705	8
706	3
707	4
709	5
710	3
711	2
712	2
713	5
714	2
715	3
717	5
718	1
719	3
720	2
721	1
722	1
724	1
725	1
729	2
730	1
731	1
734	6
735	3
736	1
737	2
738	2
741	1
746	1
748	1
