22	3
23	13
24	9
25	67
26	342
27	409
28	1053
29	2303
30	3290
31	4417
32	7697
33	9074
34	8112
35	10431
36	12826
37	11930
38	14296
39	28020
40	53761
41	88022
42	121098
43	126025
44	121217
45	92963
46	60211
47	35029
48	23712
49	28191
50	46915
51	71640
52	100588
53	108424
54	106987
55	86164
56	58275
57	36399
58	21581
59	19695
60	26614
61	41755
62	60149
63	76429
64	80772
65	69855
66	46437
67	29521
68	18075
69	13526
70	15337
71	21661
72	32397
73	257
74	614
75	85084
76	67322
77	52038
78	15790
79	10945
80	9459
81	11927
82	16444
83	21498
84	25964
85	26752
86	23197
87	17087
88	11275
89	7773
90	6058
91	6221
92	8180
93	10754
94	13489
95	15212
96	14175
97	11332
98	8254
99	5847
100	4318
101	3937
102	4468
103	5567
104	7113
105	8771
106	8465
107	7690
108	5937
109	4296
110	3131
111	2658
112	2633
113	3156
114	3786
115	4845
116	4878
117	4906
118	4135
119	3255
120	2594
121	2204
122	1983
123	2026
124	2401
125	2933
126	3271
127	3542
128	3613
129	3295
130	3703
131	4252
132	3344
133	2338
134	2221
135	2294
136	2999
137	4376
138	5445
139	5206
140	6168
141	7934
142	7183
143	5158
144	4553
145	4241
146	4631
147	5409
148	6014
149	5527
150	5356
151	6662
152	7775
153	8584
154	9267
155	9680
156	10266
157	10640
158	9517
159	7470
160	5915
161	5726
162	7114
163	8863
164	10732
165	13031
166	15440
167	16274
168	14330
169	10658
170	7409
171	5784
172	5749
173	6824
174	8610
175	10498
176	12339
177	13073
178	11956
179	10097
180	7512
181	5859
182	4957
183	5150
184	5773
185	6624
186	7469
187	8050
188	8011
189	7364
190	6131
191	5177
192	4335
193	4155
194	4248
195	4542
196	4626
197	4942
198	5032
199	4850
200	4396
201	3980
202	3497
203	3242
204	3181
205	2993
206	3078
207	3020
208	2976
209	2842
210	2831
211	2631
212	2334
213	2208
214	2163
215	1992
216	1961
217	1847
218	1804
219	1687
220	1620
221	1546
222	1479
223	1432
224	1305
225	1392
226	1249
227	1145
228	1056
229	1063
230	968
231	880
232	843
233	864
234	824
235	778
236	728
237	675
238	599
239	600
240	527
241	493
242	493
243	506
244	487
245	423
246	403
247	419
248	355
249	342
250	329
251	263
252	297
253	218
254	263
255	231
256	265
257	200
258	179
259	197
260	188
261	187
262	172
263	153
264	148
265	150
266	143
267	147
268	129
269	148
270	101
271	127
272	102
273	98
274	96
275	93
276	87
277	83
278	85
279	95
280	95
281	85
282	70
283	64
284	67
285	81
286	57
287	68
288	86
289	66
290	62
291	75
292	65
293	60
294	69
295	47
296	51
297	54
298	46
299	85
300	57
301	55
302	54
303	71
304	46
305	42
306	39
307	46
308	41
309	59
310	53
311	63
312	64
313	49
314	52
315	43
316	39
317	48
318	39
319	45
320	42
321	58
322	58
323	47
324	47
325	42
326	38
327	53
328	41
329	50
330	34
331	45
332	41
333	55
334	43
335	44
336	34
337	47
338	40
339	44
340	41
341	43
342	37
343	26
344	42
345	42
346	46
347	36
348	27
349	38
350	40
351	49
352	29
353	28
354	36
355	24
356	30
357	50
358	24
359	19
360	17
361	33
362	25
363	30
364	29
365	33
366	29
367	26
368	29
369	41
370	21
371	26
372	24
373	22
374	26
375	28
376	21
377	23
378	28
379	37
380	26
381	34
382	25
383	34
384	34
385	35
386	23
387	26
388	27
389	20
390	19
391	21
392	38
393	28
394	25
395	24
396	20
397	28
398	12
399	28
400	17
401	24
402	25
403	8
404	15
405	19
406	17
407	18
408	11
409	28
410	22
411	19
412	29
413	26
414	34
415	36
416	26
417	16
418	23
419	10
420	18
421	11
422	8
423	16
424	11
425	19
426	14
427	12
428	20
429	21
430	11
431	22
432	14
433	15
434	14
435	14
436	11
437	20
438	10
439	15
440	20
441	16
442	15
443	8
444	11
445	19
446	16
447	11
448	18
449	23
450	12
451	14
452	8
453	13
454	10
455	17
456	9
457	17
458	6
459	22
460	8
461	11
462	23
463	9
464	14
465	12
466	8
467	9
468	7
469	12
470	9
471	16
472	7
473	7
474	16
475	11
476	16
477	12
478	9
479	14
480	10
481	7
482	11
483	14
484	9
485	14
486	6
487	14
488	14
489	14
490	5
491	6
492	12
493	16
494	11
495	14
496	11
497	9
498	12
499	15
500	20
501	17
502	9
503	7
504	16
505	17
506	7
507	10
508	10
509	11
510	14
511	14
512	9
513	16
514	18
515	8
516	9
517	13
518	13
519	11
520	12
521	12
522	13
523	11
524	17
525	10
526	13
527	9
528	18
529	14
530	7
531	9
532	9
533	9
534	9
535	11
536	14
537	11
538	8
539	8
540	8
541	13
542	8
543	17
544	15
545	8
546	8
547	6
548	7
549	23
550	3
551	2
552	11
553	13
554	5
555	11
556	8
557	11
558	7
559	9
560	9
561	17
562	10
563	10
564	10
565	7
566	9
567	11
568	7
569	9
570	12
571	10
572	14
573	10
574	10
575	13
576	9
577	10
578	9
579	10
580	10
581	12
582	8
583	14
584	17
585	12
586	22
587	8
588	11
589	6
590	9
591	21
592	9
593	9
594	13
595	9
596	10
597	7
598	4
599	8
600	11
601	4
602	17
603	10
604	8
605	7
606	12
607	6
608	2
609	12
610	11
611	4
612	14
613	8
614	6
615	9
616	11
617	9
618	10
619	10
620	3
621	5
622	8
623	9
624	11
625	6
626	10
627	9
628	6
629	7
630	8
631	9
632	2
633	10
634	11
635	8
636	3
637	8
638	11
639	13
640	6
641	5
642	5
643	7
644	10
645	11
646	6
647	10
648	11
649	11
650	9
651	8
652	4
653	9
654	5
655	6
656	8
657	8
658	5
659	13
660	5
661	11
662	11
663	14
664	10
665	6
666	5
667	8
668	7
669	13
670	13
671	13
672	11
673	9
674	13
675	18
676	5
677	7
678	11
679	13
680	10
681	11
682	4
683	5
684	14
685	9
686	7
687	11
688	10
689	5
690	11
691	3
692	3
693	9
694	12
695	7
696	4
697	6
698	7
699	8
700	6
701	1
702	4
704	2
708	1
710	1
711	1
713	1
714	1
730	1
