22	1
23	8
24	14
25	37
26	83
27	177
28	429
29	1078
30	1566
31	2173
32	3841
33	4151
34	3994
35	5081
36	6745
37	5506
38	6784
39	15557
40	30975
41	58409
42	87287
43	95020
44	95204
45	67895
46	50575
47	25702
48	15941
49	17898
50	34725
51	61167
52	93427
53	105544
54	109220
55	91879
56	68535
57	42156
58	24557
59	24875
60	33015
61	57680
62	89125
63	118295
64	129467
65	114399
66	83389
67	54389
68	31561
69	25198
70	26725
71	43572
72	65464
73	915
74	1867
75	166788
76	170443
77	144500
78	43391
79	28544
80	25101
81	36562
82	47690
83	71517
84	85690
85	90215
86	84335
87	63419
88	42000
89	28270
90	22913
91	25080
92	36140
93	51389
94	73695
95	73371
96	72843
97	66466
98	43577
99	36411
100	28039
101	21555
102	26615
103	36490
104	60848
105	65312
106	71146
107	53174
108	45154
109	35370
110	26160
111	23810
112	23236
113	29903
114	38741
115	47156
116	59453
117	57307
118	48437
119	35397
120	28588
121	24144
122	22443
123	27182
124	33398
125	40150
126	47296
127	51947
128	48621
129	41132
130	44610
131	42304
132	37318
133	33093
134	32204
135	39718
136	44669
137	52489
138	58836
139	50731
140	58648
141	63606
142	58865
143	53645
144	51169
145	54342
146	56688
147	66665
148	66978
149	59732
150	61242
151	65048
152	67079
153	75752
154	82959
155	93533
156	102119
157	101717
158	90852
159	77294
160	61609
161	61310
162	64221
163	81497
164	96571
165	117766
166	137278
167	144415
168	132118
169	106837
170	78892
171	64811
172	60869
173	68952
174	84702
175	105758
176	121997
177	132684
178	124441
179	107204
180	93113
181	67863
182	60757
183	59582
184	65459
185	77201
186	88030
187	96274
188	99881
189	93855
190	79704
191	65279
192	56720
193	53060
194	54883
195	58892
196	64382
197	71564
198	73771
199	72098
200	65493
201	56613
202	51212
203	48374
204	48619
205	47781
206	50834
207	51662
208	52784
209	53778
210	48907
211	46021
212	42161
213	39635
214	38180
215	37050
216	37463
217	36592
218	38422
219	36017
220	35086
221	33984
222	31727
223	30119
224	27881
225	28051
226	27997
227	26677
228	26638
229	24858
230	24318
231	24050
232	23416
233	21491
234	21003
235	20048
236	18700
237	18111
238	17812
239	17232
240	17051
241	15756
242	15446
243	15263
244	14340
245	13883
246	13594
247	12590
248	11821
249	11820
250	11453
251	10974
252	10707
253	10241
254	10307
255	9779
256	9541
257	8990
258	8601
259	8149
260	7573
261	7449
262	6866
263	6826
264	6708
265	6698
266	6417
267	6431
268	5855
269	5693
270	5266
271	5240
272	4906
273	4862
274	5044
275	4999
276	4893
277	4979
278	5064
279	4788
280	4551
281	4590
282	4037
283	3760
284	3774
285	3879
286	3827
287	4414
288	4357
289	4711
290	4586
291	4401
292	4132
293	3527
294	3528
295	3254
296	3389
297	3938
298	4349
299	4838
300	4929
301	4820
302	4517
303	4237
304	3592
305	3188
306	3181
307	3307
308	3831
309	4369
310	4421
311	4674
312	4506
313	3953
314	3639
315	3430
316	2918
317	2945
318	3187
319	3415
320	3592
321	3756
322	3755
323	3571
324	3388
325	3087
326	2887
327	2644
328	2466
329	2853
330	2712
331	2766
332	2785
333	2690
334	2681
335	2348
336	2270
337	2158
338	2067
339	2125
340	1989
341	1974
342	2005
343	1951
344	1922
345	1861
346	1798
347	1720
348	1674
349	1716
350	1501
351	1603
352	1492
353	1334
354	1307
355	1206
356	1231
357	1234
358	1156
359	1136
360	1123
361	1084
362	983
363	963
364	942
365	897
366	861
367	771
368	847
369	807
370	795
371	684
372	681
373	677
374	628
375	572
376	573
377	567
378	570
379	523
380	546
381	585
382	522
383	498
384	475
385	376
386	401
387	410
388	332
389	374
390	295
391	328
392	327
393	368
394	355
395	293
396	239
397	282
398	274
399	308
400	247
401	269
402	268
403	216
404	263
405	204
406	212
407	211
408	210
409	207
410	207
411	193
412	201
413	161
414	181
415	179
416	158
417	176
418	167
419	192
420	149
421	141
422	148
423	164
424	142
425	119
426	117
427	133
428	154
429	183
430	122
431	111
432	140
433	116
434	141
435	117
436	125
437	115
438	105
439	137
440	93
441	117
442	110
443	90
444	142
445	92
446	117
447	120
448	88
449	133
450	81
451	100
452	88
453	125
454	119
455	80
456	88
457	111
458	83
459	121
460	92
461	87
462	91
463	93
464	105
465	121
466	91
467	81
468	72
469	107
470	75
471	119
472	85
473	89
474	119
475	102
476	119
477	89
478	106
479	125
480	86
481	86
482	70
483	87
484	124
485	82
486	85
487	88
488	76
489	128
490	90
491	87
492	81
493	96
494	129
495	109
496	97
497	99
498	87
499	175
500	81
501	84
502	86
503	128
504	130
505	171
506	89
507	92
508	121
509	157
510	116
511	157
512	115
513	131
514	102
515	80
516	84
517	154
518	133
519	156
520	98
521	85
522	94
523	127
524	117
525	101
526	98
527	86
528	127
529	150
530	92
531	86
532	74
533	72
534	89
535	122
536	95
537	89
538	88
539	99
540	89
541	130
542	100
543	99
544	98
545	80
546	107
547	116
548	105
549	107
550	52
551	72
552	68
553	92
554	85
555	76
556	74
557	54
558	90
559	83
560	68
561	94
562	83
563	73
564	86
565	57
566	56
567	91
568	82
569	107
570	56
571	52
572	76
573	85
574	84
575	62
576	73
577	78
578	103
579	80
580	69
581	65
582	79
583	83
584	86
585	80
586	73
587	65
588	58
589	58
590	77
591	85
592	70
593	80
594	91
595	59
596	50
597	71
598	59
599	100
600	51
601	60
602	76
603	59
604	99
605	43
606	77
607	61
608	68
609	108
610	59
611	65
612	66
613	64
614	68
615	58
616	52
617	49
618	76
619	78
620	59
621	79
622	107
623	60
624	86
625	72
626	52
627	67
628	90
629	123
630	64
631	66
632	60
633	68
634	92
635	62
636	70
637	66
638	55
639	90
640	48
641	66
642	76
643	60
644	82
645	81
646	64
647	77
648	54
649	72
650	50
651	66
652	68
653	79
654	72
655	61
656	51
657	99
658	83
659	75
660	56
661	66
662	78
663	98
664	95
665	76
666	60
667	78
668	79
669	86
670	47
671	81
672	45
673	94
674	75
675	125
676	75
677	62
678	82
679	104
680	82
681	109
682	49
683	66
684	100
685	76
686	72
687	83
688	102
689	83
690	55
691	67
692	53
693	81
694	98
695	46
696	67
697	63
698	71
699	105
700	56
701	13
702	26
703	24
704	15
705	7
706	11
707	14
708	8
709	7
710	10
711	5
712	8
713	4
714	4
715	4
717	12
718	8
719	4
720	4
721	2
722	11
723	6
724	4
725	8
726	1
727	7
729	1
731	1
732	2
734	2
737	7
738	1
740	1
741	1
742	1
749	2
