22	6
23	41
24	20
25	55
26	127
27	273
28	831
29	2427
30	3881
31	6184
32	10437
33	12445
34	12172
35	11741
36	12084
37	8673
38	9106
39	18695
40	36693
41	65986
42	95329
43	101466
44	102492
45	77940
46	54887
47	29711
48	18673
49	22384
50	37944
51	64083
52	89650
53	102870
54	106909
55	85795
56	63771
57	40979
58	23310
59	20780
60	26374
61	46684
62	73044
63	96278
64	110762
65	97020
66	72764
67	47791
68	28363
69	21719
70	20701
71	33183
72	50868
73	658
74	1291
75	127187
76	141148
77	115221
78	37718
79	25584
80	20047
81	26191
82	35864
83	53117
84	68311
85	72211
86	68738
87	54777
88	37828
89	27460
90	19579
91	18900
92	25526
93	36208
94	51924
95	57316
96	58503
97	52914
98	38137
99	31253
100	21491
101	17299
102	19798
103	25445
104	40581
105	44893
106	49507
107	44223
108	37663
109	29229
110	22509
111	18279
112	17115
113	20227
114	27119
115	33520
116	39854
117	42429
118	37498
119	30211
120	24879
121	19708
122	17031
123	18932
124	23234
125	27518
126	33134
127	37111
128	34481
129	30990
130	29611
131	26535
132	23705
133	22128
134	22654
135	27375
136	30954
137	34352
138	37885
139	33802
140	32522
141	32383
142	30020
143	28671
144	29764
145	31285
146	34674
147	38957
148	39262
149	35344
150	34604
151	33572
152	33266
153	36261
154	40218
155	45402
156	50062
157	51958
158	47776
159	43686
160	37245
161	34919
162	33845
163	38511
164	45299
165	55255
166	66179
167	71859
168	68994
169	60568
170	46956
171	38698
172	34046
173	36701
174	43765
175	53995
176	62772
177	70804
178	68294
179	62800
180	56002
181	43537
182	38644
183	36976
184	38851
185	45626
186	51254
187	58084
188	62225
189	60351
190	53492
191	45404
192	40257
193	37620
194	38442
195	40607
196	45254
197	49960
198	53133
199	53844
200	50021
201	44863
202	40580
203	38427
204	38631
205	38492
206	40683
207	43436
208	45240
209	46818
210	43426
211	41075
212	39307
213	37056
214	35834
215	34808
216	35887
217	36408
218	38642
219	38882
220	37942
221	37319
222	34124
223	32758
224	32115
225	31540
226	31332
227	32145
228	32182
229	31834
230	31566
231	31019
232	30907
233	28412
234	28424
235	28205
236	26761
237	26553
238	26580
239	26829
240	26394
241	25721
242	25903
243	24450
244	23758
245	23152
246	23362
247	22210
248	21608
249	22626
250	21778
251	21138
252	21084
253	20387
254	20243
255	19571
256	19373
257	18628
258	18711
259	18747
260	18063
261	17995
262	17194
263	16834
264	16760
265	16235
266	15907
267	15194
268	15422
269	15263
270	14611
271	14649
272	14041
273	13780
274	14024
275	13769
276	13810
277	13804
278	13552
279	14054
280	12949
281	13057
282	13086
283	12116
284	12320
285	12252
286	11794
287	12528
288	11915
289	12384
290	12208
291	12328
292	11957
293	11338
294	11571
295	11102
296	10807
297	11207
298	11511
299	12055
300	12188
301	12217
302	11806
303	12150
304	11155
305	10518
306	10482
307	10410
308	10700
309	10935
310	11064
311	11571
312	11236
313	11289
314	11165
315	10710
316	10398
317	10054
318	9863
319	10219
320	10364
321	10178
322	10627
323	10623
324	10791
325	10087
326	10077
327	9800
328	9708
329	9670
330	9130
331	9394
332	9249
333	9259
334	9563
335	9184
336	9146
337	9227
338	8720
339	8871
340	8620
341	8237
342	8150
343	7771
344	8092
345	7959
346	8204
347	8100
348	7935
349	8227
350	7629
351	7667
352	7187
353	6921
354	6905
355	6584
356	6674
357	6974
358	6920
359	7148
360	6580
361	6489
362	6567
363	6073
364	5803
365	5534
366	5602
367	5686
368	5793
369	5993
370	5656
371	5501
372	5161
373	5121
374	4946
375	4577
376	4641
377	4600
378	4732
379	4997
380	4616
381	4614
382	4652
383	4277
384	4239
385	3954
386	3869
387	3826
388	3817
389	4033
390	3725
391	3835
392	3697
393	3563
394	3551
395	3314
396	3131
397	3121
398	3123
399	3435
400	3168
401	3167
402	3189
403	2967
404	2938
405	2727
406	2642
407	2463
408	2491
409	2583
410	2501
411	2599
412	2655
413	2371
414	2560
415	2277
416	2126
417	2099
418	2035
419	2122
420	1953
421	2039
422	1946
423	2068
424	2087
425	1844
426	1789
427	1820
428	1688
429	1894
430	1624
431	1738
432	1713
433	1663
434	1894
435	1548
436	1566
437	1463
438	1430
439	1577
440	1399
441	1398
442	1430
443	1431
444	1602
445	1365
446	1354
447	1343
448	1215
449	1331
450	1164
451	1177
452	1186
453	1306
454	1326
455	1200
456	1225
457	1072
458	1128
459	1163
460	1008
461	961
462	1026
463	1101
464	1225
465	1006
466	1082
467	986
468	969
469	1106
470	850
471	980
472	893
473	924
474	1042
475	922
476	925
477	921
478	832
479	1018
480	799
481	783
482	749
483	807
484	955
485	817
486	765
487	762
488	787
489	903
490	742
491	731
492	671
493	675
494	834
495	714
496	664
497	696
498	736
499	797
500	598
501	606
502	630
503	645
504	748
505	672
506	606
507	639
508	604
509	750
510	516
511	560
512	505
513	577
514	620
515	529
516	534
517	612
518	639
519	746
520	503
521	541
522	491
523	549
524	580
525	464
526	509
527	482
528	518
529	596
530	469
531	498
532	436
533	455
534	523
535	450
536	405
537	458
538	437
539	502
540	402
541	437
542	387
543	458
544	460
545	399
546	369
547	321
548	450
549	473
550	354
551	381
552	328
553	392
554	426
555	340
556	298
557	327
558	414
559	428
560	302
561	352
562	268
563	346
564	382
565	278
566	267
567	328
568	298
569	355
570	296
571	253
572	251
573	337
574	367
575	255
576	263
577	286
578	338
579	324
580	260
581	233
582	260
583	302
584	310
585	316
586	272
587	262
588	218
589	340
590	193
591	208
592	229
593	252
594	333
595	195
596	206
597	250
598	237
599	302
600	207
601	212
602	194
603	233
604	314
605	209
606	206
607	194
608	219
609	324
610	184
611	195
612	190
613	214
614	277
615	210
616	182
617	182
618	226
619	304
620	187
621	183
622	225
623	213
624	268
625	167
626	170
627	209
628	203
629	296
630	174
631	144
632	206
633	248
634	290
635	151
636	176
637	185
638	176
639	309
640	179
641	161
642	184
643	241
644	293
645	196
646	173
647	172
648	194
649	215
650	152
651	212
652	155
653	212
654	235
655	178
656	169
657	209
658	182
659	300
660	148
661	164
662	174
663	229
664	302
665	168
666	161
667	172
668	201
669	250
670	138
671	139
672	205
673	242
674	254
675	168
676	166
677	172
678	234
679	293
680	151
681	168
682	143
683	254
684	259
685	131
686	156
687	184
688	238
689	261
690	120
691	163
692	146
693	201
694	271
695	115
696	135
697	132
698	161
699	249
700	133
701	48
702	64
703	62
704	46
705	28
706	48
707	18
708	36
709	30
710	19
711	33
712	23
713	27
714	27
715	22
716	19
717	9
718	17
719	21
720	21
721	11
722	10
723	13
724	3
725	7
726	6
727	7
728	7
729	3
730	11
731	7
732	6
733	8
734	10
735	2
737	6
738	6
739	17
740	2
742	2
743	4
747	1
748	5
749	2
751	1
752	1
753	1
757	1
759	2
