22	4
23	65
24	34
25	131
26	1003
27	1172
28	3072
29	7011
30	8764
31	12006
32	21531
33	25961
34	23620
35	30745
36	40433
37	36049
38	43531
39	80594
40	154130
41	247289
42	342341
43	390189
44	378844
45	294525
46	193633
47	114889
48	82543
49	99244
50	156343
51	239431
52	332132
53	378344
54	373350
55	304111
56	208946
57	131166
58	83019
59	76419
60	101306
61	152327
62	216997
63	269208
64	289560
65	249469
66	173873
67	111624
68	70231
69	55821
70	61225
71	85532
72	122103
73	870
74	2065
75	261997
76	250368
77	194767
78	59120
79	43741
80	39907
81	51245
82	68210
83	90322
84	110677
85	114336
86	101445
87	77128
88	52004
89	36560
90	29327
91	30978
92	39246
93	52569
94	64737
95	71422
96	68253
97	56112
98	41275
99	29523
100	22177
101	20656
102	23789
103	29884
104	38577
105	45598
106	44816
107	40509
108	31821
109	23147
110	18361
111	15911
112	15534
113	18235
114	23142
115	27823
116	29982
117	29134
118	26032
119	19939
120	16381
121	14579
122	13246
123	13631
124	16073
125	18947
126	21845
127	23783
128	25135
129	23891
130	28170
131	32994
132	26226
133	18120
134	16217
135	18104
136	22780
137	36114
138	46126
139	41743
140	49380
141	63843
142	59326
143	44618
144	38350
145	37417
146	40255
147	48605
148	55976
149	50842
150	49373
151	59525
152	68024
153	75841
154	81234
155	89734
156	98479
157	102601
158	95094
159	76501
160	58745
161	56611
162	65336
163	82078
164	101285
165	129473
166	157699
167	172552
168	156820
169	118587
170	82794
171	64026
172	60107
173	69339
174	87035
175	111496
176	135726
177	148498
178	142154
179	119050
180	90782
181	70131
182	59419
183	59426
184	65589
185	76926
186	89669
187	99003
188	102690
189	94013
190	79986
191	66559
192	57217
193	53190
194	53574
195	56292
196	61284
197	66090
198	68918
199	66991
200	61651
201	55446
202	49485
203	46052
204	44054
205	43783
206	44092
207	44444
208	45020
209	44407
210	42662
211	41039
212	38074
213	35880
214	33390
215	32336
216	30578
217	29531
218	29494
219	28940
220	27586
221	26803
222	25329
223	24547
224	23017
225	22326
226	20582
227	20015
228	18311
229	18232
230	17300
231	16551
232	16260
233	15579
234	15226
235	14450
236	13455
237	12505
238	11629
239	10855
240	10602
241	9947
242	9926
243	9453
244	9409
245	8802
246	8261
247	7686
248	7228
249	6797
250	6209
251	5921
252	5955
253	5688
254	5613
255	5178
256	4964
257	4633
258	4442
259	4110
260	3828
261	3552
262	3385
263	3394
264	3333
265	3099
266	3166
267	2840
268	2624
269	2629
270	2352
271	2335
272	2177
273	2189
274	2071
275	2060
276	1929
277	1922
278	1828
279	1878
280	1709
281	1568
282	1558
283	1414
284	1371
285	1346
286	1326
287	1430
288	1423
289	1424
290	1427
291	1414
292	1369
293	1247
294	1069
295	1081
296	1071
297	1210
298	1207
299	1283
300	1358
301	1424
302	1312
303	1271
304	1090
305	938
306	961
307	878
308	948
309	1141
310	1239
311	1322
312	1295
313	1328
314	1205
315	1024
316	936
317	967
318	945
319	1029
320	1052
321	1274
322	1211
323	1222
324	1155
325	1041
326	981
327	976
328	863
329	899
330	859
331	976
332	1004
333	1111
334	1032
335	974
336	888
337	850
338	836
339	852
340	812
341	754
342	730
343	779
344	799
345	908
346	785
347	692
348	706
349	695
350	670
351	672
352	641
353	579
354	634
355	651
356	610
357	635
358	599
359	572
360	536
361	507
362	503
363	478
364	501
365	424
366	471
367	479
368	444
369	527
370	428
371	427
372	367
373	384
374	376
375	414
376	364
377	338
378	352
379	378
380	350
381	350
382	335
383	306
384	322
385	308
386	285
387	276
388	251
389	264
390	256
391	274
392	232
393	276
394	241
395	242
396	170
397	208
398	192
399	235
400	234
401	215
402	194
403	192
404	182
405	222
406	145
407	174
408	157
409	178
410	145
411	188
412	185
413	198
414	207
415	207
416	147
417	157
418	125
419	141
420	123
421	126
422	117
423	135
424	109
425	126
426	97
427	110
428	101
429	141
430	95
431	100
432	113
433	104
434	142
435	101
436	88
437	78
438	93
439	92
440	107
441	109
442	79
443	77
444	82
445	91
446	82
447	64
448	87
449	121
450	80
451	77
452	91
453	98
454	80
455	82
456	56
457	61
458	95
459	97
460	73
461	80
462	102
463	63
464	87
465	73
466	49
467	64
468	54
469	74
470	77
471	89
472	71
473	68
474	76
475	55
476	71
477	84
478	78
479	100
480	65
481	78
482	98
483	81
484	75
485	65
486	63
487	78
488	64
489	86
490	86
491	64
492	48
493	88
494	87
495	79
496	61
497	80
498	62
499	107
500	61
501	75
502	69
503	79
504	94
505	93
506	66
507	70
508	79
509	73
510	70
511	84
512	67
513	85
514	67
515	63
516	70
517	82
518	88
519	79
520	70
521	64
522	41
523	75
524	70
525	65
526	67
527	53
528	62
529	88
530	67
531	90
532	60
533	65
534	59
535	63
536	62
537	80
538	78
539	69
540	38
541	85
542	80
543	68
544	76
545	52
546	48
547	67
548	73
549	79
550	51
551	40
552	44
553	66
554	66
555	64
556	53
557	50
558	35
559	83
560	56
561	66
562	46
563	45
564	66
565	51
566	49
567	60
568	53
569	55
570	51
571	49
572	51
573	60
574	73
575	62
576	50
577	59
578	61
579	67
580	46
581	76
582	59
583	58
584	60
585	60
586	53
587	40
588	49
589	66
590	44
591	59
592	60
593	46
594	63
595	56
596	40
597	59
598	37
599	56
600	57
601	35
602	37
603	41
604	50
605	47
606	44
607	39
608	57
609	62
610	52
611	45
612	49
613	45
614	55
615	58
616	48
617	59
618	47
619	61
620	34
621	62
622	42
623	38
624	47
625	49
626	52
627	63
628	36
629	54
630	44
631	37
632	46
633	67
634	66
635	39
636	51
637	38
638	39
639	86
640	54
641	46
642	32
643	51
644	51
645	57
646	44
647	41
648	44
649	42
650	44
651	52
652	58
653	30
654	51
655	48
656	50
657	72
658	39
659	71
660	58
661	56
662	56
663	44
664	60
665	40
666	35
667	37
668	28
669	61
670	35
671	41
672	46
673	35
674	49
675	51
676	53
677	38
678	62
679	40
680	37
681	77
682	51
683	49
684	87
685	43
686	41
687	55
688	51
689	44
690	32
691	46
692	35
693	66
694	44
695	53
696	31
697	35
698	26
699	62
700	34
701	5
702	7
703	8
704	4
705	1
706	2
708	2
709	5
710	3
713	1
714	1
717	1
720	1
722	2
730	1
739	4
