22	2
23	14
24	7
25	28
26	171
27	250
28	612
29	1668
30	2456
31	3150
32	6322
33	7559
34	6958
35	7815
36	10482
37	8890
38	10973
39	22583
40	47362
41	87623
42	131335
43	133180
44	129500
45	93079
46	68396
47	36682
48	25033
49	30428
50	58274
51	98629
52	136299
53	156702
54	156539
55	120307
56	88220
57	53144
58	31200
59	33667
60	44613
61	81112
62	125235
63	160734
64	178983
65	153172
66	114686
67	74190
68	42662
69	33526
70	35380
71	62230
72	94267
73	554
74	1653
75	207904
76	248020
77	205264
78	56829
79	39581
80	34288
81	51190
82	70088
83	107740
84	123893
85	126822
86	126047
87	90309
88	61710
89	41377
90	32114
91	35525
92	53003
93	75048
94	112309
95	110993
96	112128
97	98756
98	65032
99	52145
100	37890
101	31088
102	37971
103	54605
104	94769
105	97284
106	108857
107	80828
108	68456
109	51836
110	38813
111	33035
112	33233
113	43731
114	57300
115	71716
116	87340
117	86250
118	71178
119	53171
120	40184
121	31416
122	29543
123	36911
124	49022
125	57925
126	68620
127	73111
128	66372
129	56385
130	50935
131	38783
132	38398
133	35209
134	39946
135	50003
136	57366
137	63500
138	66595
139	54737
140	54157
141	48669
142	44538
143	42802
144	43679
145	49703
146	54465
147	63764
148	65056
149	56050
150	54693
151	52910
152	46075
153	50102
154	53261
155	61435
156	70476
157	72099
158	65374
159	61079
160	48196
161	48231
162	44482
163	50518
164	57114
165	69518
166	81024
167	85580
168	82469
169	70720
170	53204
171	46888
172	40340
173	43669
174	49383
175	59176
176	68187
177	77710
178	72829
179	63615
180	59594
181	43821
182	38615
183	37426
184	38361
185	43620
186	48664
187	55427
188	55521
189	54522
190	48663
191	40901
192	34223
193	31430
194	31405
195	32614
196	35155
197	40498
198	41314
199	43640
200	38461
201	33303
202	29935
203	26885
204	27851
205	26757
206	28074
207	28727
208	28575
209	32654
210	28130
211	27293
212	24693
213	23032
214	21551
215	19778
216	20740
217	20122
218	21222
219	20806
220	20408
221	20169
222	18759
223	16603
224	15912
225	15367
226	15494
227	14821
228	15003
229	14300
230	14479
231	14022
232	13932
233	12617
234	11883
235	11760
236	10512
237	10323
238	10309
239	10023
240	10464
241	9496
242	9640
243	9299
244	8586
245	8383
246	7871
247	7085
248	6888
249	6879
250	7009
251	6859
252	6833
253	6594
254	6269
255	6269
256	5777
257	5208
258	5312
259	4871
260	4748
261	4717
262	4492
263	4478
264	4255
265	4215
266	3861
267	3875
268	3555
269	3391
270	3358
271	3070
272	3230
273	3084
274	3147
275	2958
276	2894
277	3287
278	2993
279	3002
280	2590
281	2531
282	2427
283	2382
284	2292
285	2443
286	2286
287	2572
288	2365
289	2567
290	2511
291	2254
292	2251
293	1955
294	1974
295	1916
296	2069
297	2225
298	2340
299	2523
300	2496
301	2454
302	2191
303	2088
304	1912
305	1845
306	1698
307	1802
308	2051
309	2349
310	2353
311	2314
312	2189
313	1950
314	1843
315	1698
316	1585
317	1687
318	1680
319	1959
320	1897
321	2016
322	1836
323	1840
324	1861
325	1496
326	1423
327	1539
328	1416
329	1551
330	1474
331	1537
332	1449
333	1497
334	1433
335	1293
336	1233
337	1192
338	1169
339	1328
340	1105
341	1222
342	1186
343	1164
344	1100
345	981
346	963
347	945
348	935
349	1045
350	964
351	1013
352	889
353	788
354	773
355	724
356	713
357	746
358	697
359	734
360	709
361	666
362	571
363	646
364	607
365	568
366	508
367	529
368	512
369	550
370	486
371	457
372	479
373	457
374	511
375	427
376	387
377	399
378	371
379	398
380	366
381	371
382	379
383	317
384	436
385	309
386	310
387	271
388	282
389	335
390	268
391	267
392	257
393	265
394	260
395	221
396	215
397	228
398	199
399	213
400	201
401	190
402	197
403	205
404	223
405	202
406	179
407	173
408	162
409	155
410	172
411	191
412	202
413	199
414	205
415	188
416	175
417	167
418	131
419	160
420	92
421	105
422	99
423	144
424	142
425	97
426	108
427	136
428	104
429	161
430	96
431	107
432	89
433	94
434	128
435	118
436	97
437	67
438	72
439	107
440	74
441	90
442	76
443	83
444	121
445	74
446	86
447	84
448	107
449	130
450	67
451	80
452	75
453	93
454	103
455	78
456	71
457	61
458	76
459	123
460	50
461	73
462	84
463	63
464	103
465	72
466	55
467	72
468	84
469	87
470	89
471	85
472	50
473	56
474	86
475	73
476	40
477	65
478	78
479	106
480	74
481	84
482	52
483	87
484	90
485	76
486	72
487	96
488	79
489	98
490	80
491	71
492	80
493	81
494	92
495	99
496	63
497	74
498	71
499	101
500	85
501	91
502	65
503	77
504	82
505	113
506	64
507	97
508	98
509	140
510	67
511	102
512	88
513	84
514	84
515	52
516	71
517	150
518	80
519	107
520	75
521	48
522	63
523	94
524	83
525	72
526	80
527	68
528	81
529	144
530	53
531	86
532	49
533	51
534	95
535	98
536	56
537	75
538	92
539	73
540	58
541	106
542	58
543	63
544	69
545	49
546	64
547	95
548	72
549	94
550	56
551	52
552	63
553	68
554	81
555	87
556	68
557	36
558	61
559	85
560	34
561	62
562	70
563	55
564	63
565	51
566	36
567	69
568	63
569	76
570	64
571	76
572	52
573	70
574	75
575	57
576	64
577	40
578	59
579	90
580	42
581	52
582	60
583	79
584	96
585	60
586	67
587	45
588	42
589	77
590	47
591	51
592	45
593	60
594	68
595	38
596	49
597	85
598	53
599	67
600	39
601	33
602	65
603	81
604	68
605	43
606	38
607	41
608	60
609	84
610	62
611	42
612	51
613	35
614	56
615	57
616	63
617	56
618	55
619	83
620	38
621	63
622	75
623	46
624	90
625	51
626	61
627	62
628	51
629	67
630	65
631	66
632	37
633	76
634	75
635	52
636	53
637	54
638	47
639	74
640	43
641	50
642	45
643	47
644	61
645	62
646	54
647	66
648	53
649	74
650	42
651	70
652	50
653	55
654	74
655	37
656	53
657	83
658	60
659	75
660	46
661	52
662	75
663	69
664	69
665	54
666	62
667	71
668	64
669	68
670	62
671	66
672	42
673	62
674	100
675	72
676	56
677	63
678	74
679	86
680	54
681	59
682	61
683	55
684	70
685	58
686	55
687	64
688	70
689	55
690	39
691	28
692	40
693	74
694	73
695	39
696	44
697	37
698	47
699	72
700	25
701	20
702	12
703	9
704	16
705	3
706	10
707	7
708	6
709	2
710	9
711	4
712	9
713	2
714	5
715	1
716	6
717	2
719	10
720	6
722	2
723	3
724	4
726	2
727	4
728	1
730	4
731	1
734	2
735	4
736	1
738	3
744	1
751	1
754	1
