22	5
23	8
24	14
25	30
26	87
27	113
28	426
29	1000
30	1752
31	2358
32	4539
33	5673
34	5744
35	6195
36	7670
37	6183
38	6983
39	13432
40	26890
41	49899
42	73244
43	79369
44	77481
45	58664
46	44582
47	24506
48	16644
49	20011
50	34673
51	58228
52	82093
53	98691
54	101202
55	80495
56	60182
57	37323
58	22198
59	21256
60	27687
61	47530
62	73033
63	96044
64	109304
65	95538
66	73614
67	49509
68	29661
69	23068
70	23019
71	38077
72	54975
73	445
74	1080
75	115236
76	146596
77	122257
78	37751
79	27160
80	22164
81	29370
82	39225
83	58241
84	71332
85	73250
86	70684
87	54478
88	37817
89	27675
90	20980
91	21100
92	29391
93	39849
94	58769
95	60187
96	60125
97	54244
98	39108
99	32264
100	23437
101	19156
102	22367
103	29855
104	47942
105	49917
106	55249
107	44742
108	38985
109	30136
110	24287
111	20415
112	20108
113	23129
114	30267
115	37100
116	44720
117	44841
118	38599
119	30044
120	25854
121	21199
122	18995
123	20963
124	27132
125	31262
126	36241
127	39736
128	36595
129	31783
130	33190
131	28663
132	26810
133	23168
134	24545
135	29545
136	32962
137	37830
138	40116
139	35755
140	37825
141	40194
142	36616
143	34016
144	33553
145	36793
146	38211
147	43754
148	43371
149	39083
150	38487
151	40180
152	40473
153	44127
154	47876
155	53824
156	58735
157	59091
158	54012
159	46733
160	38964
161	38363
162	38807
163	46089
164	53094
165	63785
166	74015
167	77473
168	72180
169	60046
170	46047
171	39588
172	35501
173	39426
174	46545
175	56123
176	63731
177	70445
178	66653
179	58326
180	51083
181	39379
182	34875
183	35334
184	36478
185	41372
186	46891
187	52519
188	53926
189	51450
190	45391
191	37961
192	32645
193	30520
194	30780
195	31965
196	35055
197	38323
198	41109
199	41397
200	37790
201	32813
202	28974
203	27045
204	27214
205	26104
206	27615
207	28160
208	29383
209	30809
210	28397
211	26843
212	24830
213	22872
214	21823
215	20703
216	20812
217	20765
218	21826
219	21378
220	21118
221	20452
222	19141
223	17597
224	17028
225	16487
226	16317
227	15867
228	15865
229	14979
230	15205
231	15300
232	14752
233	13584
234	13428
235	12250
236	11664
237	11459
238	11304
239	11258
240	11255
241	10683
242	10662
243	10368
244	9671
245	9354
246	9181
247	8548
248	7926
249	8152
250	7990
251	7938
252	7850
253	7734
254	7433
255	7496
256	7057
257	6702
258	6275
259	6121
260	5822
261	5942
262	5572
263	5358
264	5773
265	5485
266	5204
267	5121
268	4992
269	5045
270	4602
271	4538
272	4271
273	4422
274	4520
275	4596
276	4533
277	4614
278	4622
279	4720
280	4155
281	4299
282	3989
283	3748
284	3960
285	3853
286	3711
287	4332
288	4223
289	4847
290	4503
291	4158
292	4199
293	3643
294	3733
295	3450
296	3720
297	4093
298	4425
299	5063
300	5060
301	4793
302	4524
303	4291
304	4019
305	3836
306	3489
307	3836
308	4152
309	4750
310	4861
311	4869
312	4881
313	4655
314	4283
315	3867
316	3578
317	3658
318	3834
319	4185
320	4344
321	4619
322	4540
323	4327
324	4192
325	3875
326	3590
327	3722
328	3468
329	3617
330	3805
331	3669
332	3670
333	3775
334	3618
335	3364
336	3280
337	3195
338	3091
339	3150
340	2956
341	3016
342	3015
343	2790
344	2752
345	2824
346	2676
347	2662
348	2668
349	2705
350	2493
351	2359
352	2317
353	2196
354	2209
355	2129
356	2039
357	2094
358	2090
359	2041
360	1884
361	1879
362	1823
363	1685
364	1702
365	1481
366	1633
367	1576
368	1560
369	1543
370	1475
371	1308
372	1363
373	1236
374	1342
375	1161
376	1070
377	1059
378	1096
379	1126
380	1039
381	1050
382	956
383	967
384	930
385	842
386	782
387	726
388	735
389	812
390	733
391	769
392	767
393	684
394	744
395	648
396	544
397	547
398	537
399	577
400	524
401	521
402	500
403	476
404	534
405	469
406	416
407	411
408	365
409	431
410	389
411	382
412	352
413	412
414	436
415	378
416	341
417	310
418	302
419	342
420	280
421	269
422	278
423	312
424	332
425	286
426	264
427	269
428	217
429	301
430	215
431	231
432	255
433	254
434	317
435	206
436	218
437	188
438	195
439	238
440	206
441	202
442	198
443	194
444	272
445	189
446	203
447	173
448	179
449	280
450	181
451	200
452	195
453	203
454	236
455	169
456	166
457	173
458	158
459	243
460	141
461	143
462	162
463	175
464	202
465	183
466	158
467	150
468	148
469	197
470	137
471	151
472	135
473	185
474	186
475	143
476	132
477	149
478	143
479	187
480	149
481	129
482	149
483	133
484	156
485	119
486	130
487	131
488	151
489	199
490	110
491	124
492	99
493	138
494	184
495	134
496	125
497	130
498	123
499	178
500	127
501	105
502	105
503	125
504	142
505	143
506	132
507	153
508	148
509	152
510	117
511	142
512	115
513	113
514	145
515	90
516	105
517	136
518	148
519	177
520	117
521	140
522	112
523	108
524	130
525	106
526	101
527	85
528	160
529	188
530	114
531	101
532	74
533	91
534	133
535	122
536	101
537	84
538	97
539	130
540	83
541	112
542	83
543	111
544	111
545	65
546	75
547	98
548	104
549	129
550	46
551	87
552	84
553	109
554	96
555	79
556	67
557	68
558	82
559	111
560	88
561	101
562	78
563	79
564	100
565	51
566	60
567	74
568	107
569	104
570	63
571	71
572	87
573	99
574	103
575	72
576	71
577	67
578	105
579	115
580	44
581	65
582	91
583	107
584	79
585	71
586	67
587	46
588	77
589	68
590	68
591	68
592	58
593	73
594	80
595	53
596	75
597	87
598	79
599	83
600	67
601	65
602	84
603	93
604	112
605	67
606	58
607	45
608	76
609	101
610	54
611	72
612	84
613	56
614	107
615	66
616	78
617	73
618	89
619	84
620	76
621	62
622	81
623	77
624	88
625	66
626	77
627	82
628	99
629	92
630	49
631	92
632	62
633	79
634	125
635	55
636	49
637	75
638	87
639	111
640	69
641	67
642	59
643	62
644	101
645	90
646	48
647	58
648	70
649	88
650	57
651	81
652	65
653	58
654	65
655	54
656	57
657	79
658	76
659	118
660	71
661	52
662	62
663	89
664	94
665	54
666	74
667	56
668	69
669	86
670	49
671	62
672	60
673	82
674	82
675	79
676	71
677	84
678	100
679	93
680	63
681	81
682	55
683	71
684	96
685	57
686	50
687	96
688	80
689	127
690	68
691	52
692	55
693	81
694	66
695	56
696	64
697	54
698	81
699	77
700	68
701	25
702	16
703	28
704	20
705	13
706	13
707	14
708	15
709	16
710	10
711	10
712	5
713	16
714	10
715	12
716	6
717	2
718	4
719	5
720	5
721	8
722	4
723	3
724	7
725	5
726	2
727	6
728	8
729	2
730	5
731	5
732	4
734	4
735	1
736	3
738	1
741	4
742	2
754	3
