22	12
23	30
24	31
25	77
26	242
27	506
28	1093
29	2510
30	2952
31	4175
32	7463
33	9036
34	7892
35	9594
36	13286
37	13659
38	17386
39	30999
40	53117
41	82185
42	112237
43	122911
44	124863
45	99604
46	75198
47	53799
48	41837
49	50905
50	65548
51	92969
52	118429
53	129240
54	134007
55	109912
56	87388
57	65457
58	46536
59	46643
60	54243
61	71373
62	96547
63	113124
64	126549
65	107875
66	80988
67	59868
68	42704
69	40985
70	41390
71	55465
72	70752
73	809
74	1481
75	143015
76	151074
77	127248
78	45637
79	41299
80	36669
81	45286
82	54793
83	68296
84	81435
85	78545
86	72080
87	60799
88	46231
89	40853
90	34037
91	35479
92	41352
93	50858
94	62338
95	65350
96	62704
97	55492
98	43986
99	38992
100	31941
101	31287
102	34600
103	39135
104	49702
105	54407
106	55401
107	50460
108	42114
109	36242
110	29919
111	28707
112	29560
113	32338
114	40442
115	44238
116	46709
117	46094
118	41416
119	36368
120	30764
121	27209
122	27055
123	28570
124	34784
125	37947
126	40051
127	42863
128	41340
129	39444
130	35941
131	34762
132	31960
133	29971
134	33238
135	36234
136	40031
137	45927
138	50944
139	49598
140	48838
141	54114
142	50498
143	43129
144	42624
145	42984
146	47444
147	52724
148	56910
149	56562
150	57848
151	64909
152	65884
153	66414
154	69196
155	73618
156	83134
157	85622
158	82964
159	73569
160	62090
161	62091
162	66313
163	77667
164	92084
165	109442
166	132938
167	138775
168	131480
169	110016
170	85492
171	71217
172	67752
173	74869
174	89518
175	108744
176	127323
177	139387
178	136316
179	124265
180	105957
181	81577
182	71724
183	70265
184	78975
185	88612
186	99310
187	110418
188	115994
189	111467
190	97572
191	82805
192	74331
193	70604
194	75486
195	75872
196	82516
197	87405
198	94118
199	93390
200	85059
201	78275
202	72539
203	69666
204	68272
205	66419
206	68898
207	70727
208	73968
209	73063
210	70499
211	67302
212	63359
213	61758
214	60221
215	56645
216	56617
217	56380
218	57736
219	57661
220	54619
221	53310
222	50300
223	48585
224	48138
225	45856
226	45179
227	44283
228	44184
229	43024
230	41596
231	40430
232	38815
233	37209
234	36115
235	35066
236	33996
237	32499
238	31236
239	30832
240	29785
241	29230
242	29027
243	27696
244	27248
245	25523
246	24456
247	23579
248	22479
249	22954
250	21503
251	21149
252	20419
253	19986
254	20413
255	18500
256	17842
257	16892
258	16487
259	16987
260	15420
261	15344
262	14655
263	14391
264	14162
265	13187
266	13172
267	12338
268	12381
269	12313
270	11419
271	11471
272	11069
273	10898
274	11238
275	10221
276	10369
277	9754
278	9592
279	10084
280	9142
281	9611
282	9200
283	9062
284	9187
285	8381
286	8213
287	8498
288	8057
289	8929
290	8208
291	8389
292	8297
293	7969
294	8234
295	7469
296	7449
297	7585
298	7806
299	8605
300	8313
301	8413
302	8362
303	8085
304	8074
305	7352
306	7167
307	6996
308	7514
309	8490
310	8278
311	8601
312	8673
313	8484
314	8594
315	7766
316	7428
317	7297
318	7405
319	8491
320	8261
321	8607
322	8762
323	8930
324	9222
325	8147
326	7900
327	7798
328	7671
329	8600
330	7892
331	8219
332	8492
333	8488
334	9089
335	8056
336	8027
337	7808
338	7578
339	8249
340	7653
341	7785
342	7717
343	7531
344	8083
345	7760
346	7819
347	7768
348	7588
349	8393
350	7311
351	7111
352	6824
353	6792
354	7042
355	6822
356	6959
357	6780
358	6745
359	7212
360	6525
361	6374
362	5983
363	5887
364	6170
365	5531
366	5707
367	5666
368	5783
369	6275
370	5524
371	5587
372	5193
373	5030
374	5114
375	4626
376	4514
377	4673
378	4636
379	5204
380	4530
381	4676
382	4213
383	4146
384	4342
385	3570
386	3768
387	3639
388	3630
389	4163
390	3537
391	3600
392	3349
393	3265
394	3532
395	2966
396	2830
397	2923
398	2880
399	3267
400	2635
401	2732
402	2616
403	2479
404	2771
405	2267
406	2239
407	2087
408	2099
409	2411
410	1990
411	2137
412	2119
413	2141
414	2416
415	1859
416	1867
417	1658
418	1645
419	2023
420	1440
421	1528
422	1454
423	1530
424	1725
425	1262
426	1303
427	1202
428	1288
429	1563
430	1175
431	1125
432	1116
433	1043
434	1398
435	1003
436	955
437	843
438	959
439	1340
440	875
441	945
442	904
443	970
444	1176
445	811
446	852
447	898
448	828
449	1128
450	751
451	784
452	814
453	844
454	1058
455	757
456	764
457	715
458	689
459	1007
460	622
461	650
462	716
463	728
464	1016
465	707
466	684
467	621
468	652
469	977
470	566
471	654
472	586
473	647
474	987
475	567
476	601
477	610
478	628
479	969
480	583
481	574
482	621
483	633
484	839
485	593
486	660
487	590
488	629
489	966
490	596
491	603
492	611
493	676
494	880
495	616
496	612
497	609
498	697
499	983
500	534
501	560
502	591
503	668
504	921
505	641
506	641
507	648
508	892
509	924
510	680
511	709
512	644
513	780
514	872
515	564
516	661
517	855
518	835
519	981
520	711
521	667
522	666
523	676
524	775
525	562
526	622
527	617
528	747
529	1011
530	654
531	618
532	547
533	629
534	824
535	602
536	645
537	585
538	717
539	808
540	600
541	669
542	574
543	594
544	762
545	474
546	590
547	547
548	663
549	798
550	526
551	549
552	498
553	620
554	664
555	474
556	543
557	493
558	661
559	758
560	507
561	550
562	486
563	590
564	677
565	498
566	480
567	485
568	657
569	672
570	479
571	432
572	497
573	601
574	693
575	425
576	474
577	433
578	571
579	733
580	433
581	517
582	538
583	560
584	699
585	493
586	542
587	441
588	470
589	655
590	361
591	441
592	379
593	473
594	608
595	372
596	386
597	402
598	465
599	642
600	319
601	374
602	361
603	426
604	628
605	372
606	339
607	370
608	467
609	646
610	389
611	375
612	399
613	423
614	577
615	387
616	381
617	420
618	434
619	617
620	392
621	469
622	534
623	486
624	596
625	404
626	433
627	419
628	461
629	541
630	361
631	418
632	396
633	463
634	620
635	391
636	402
637	381
638	488
639	598
640	388
641	403
642	382
643	445
644	595
645	376
646	417
647	380
648	433
649	610
650	359
651	445
652	430
653	445
654	591
655	435
656	384
657	441
658	423
659	649
660	381
661	335
662	408
663	455
664	651
665	413
666	416
667	432
668	506
669	634
670	393
671	359
672	435
673	511
674	550
675	417
676	409
677	398
678	558
679	609
680	424
681	412
682	378
683	550
684	585
685	394
686	372
687	417
688	591
689	723
690	440
691	408
692	388
693	495
694	580
695	342
696	333
697	405
698	463
699	516
700	377
701	148
702	139
703	167
704	148
705	106
706	97
707	94
708	99
709	98
710	80
711	90
712	50
713	59
714	62
715	53
716	51
717	41
718	57
719	32
720	44
721	40
722	38
723	26
724	25
725	24
726	26
727	23
728	20
729	29
730	22
731	11
732	17
733	18
734	28
735	6
736	14
737	7
738	9
739	7
740	8
741	6
742	6
743	4
744	5
745	3
746	3
747	2
748	1
749	3
750	4
751	3
752	4
753	1
754	2
757	1
758	1
759	3
763	1
