22	1
23	20
24	15
25	49
26	236
27	317
28	770
29	1528
30	2098
31	2670
32	4761
33	5696
34	5486
35	7011
36	9953
37	8796
38	10474
39	19519
40	35738
41	62610
42	88923
43	96039
44	93291
45	73474
46	54263
47	30562
48	21853
49	25730
50	42893
51	70822
52	96092
53	116696
54	115181
55	95728
56	72000
57	44080
58	29184
59	28151
60	36240
61	58118
62	86734
63	113189
64	123855
65	109847
66	82597
67	55581
68	35411
69	28124
70	30025
71	45304
72	65339
73	667
74	1473
75	146316
76	165712
77	141712
78	44915
79	30425
80	27552
81	37923
82	48703
83	72222
84	84732
85	87374
86	84553
87	65024
88	44524
89	32252
90	26778
91	27763
92	38227
93	51406
94	72772
95	73483
96	72069
97	66564
98	46331
99	37833
100	29387
101	24103
102	28622
103	37933
104	61728
105	64091
106	69291
107	53184
108	46498
109	36531
110	28013
111	25212
112	24457
113	30886
114	38391
115	47493
116	56765
117	55585
118	47797
119	36018
120	28272
121	23161
122	21180
123	26352
124	34464
125	38610
126	45104
127	48617
128	45512
129	36381
130	33028
131	24907
132	23713
133	23963
134	26075
135	33526
136	39019
137	42983
138	45459
139	37031
140	36747
141	32934
142	28460
143	27004
144	26574
145	31585
146	34548
147	42435
148	44397
149	40715
150	41212
151	38709
152	33044
153	34493
154	35472
155	40731
156	48086
157	51591
158	48737
159	45612
160	38384
161	37350
162	35493
163	39837
164	43890
165	54421
166	66822
167	75359
168	72788
169	62576
170	46538
171	40686
172	34976
173	37213
174	42319
175	52940
176	61224
177	70382
178	66353
179	59088
180	54821
181	41229
182	37089
183	35389
184	35801
185	40898
186	46898
187	52040
188	54879
189	53318
190	47944
191	41207
192	36068
193	33444
194	33237
195	34666
196	36888
197	41930
198	42816
199	43955
200	41658
201	37210
202	34162
203	31986
204	32847
205	31235
206	32495
207	32815
208	33101
209	36188
210	33125
211	32587
212	30829
213	29222
214	27532
215	26237
216	26930
217	25916
218	26647
219	26437
220	26029
221	26722
222	25199
223	23848
224	23272
225	22357
226	21928
227	21225
228	20870
229	20545
230	20530
231	20514
232	20641
233	19447
234	18907
235	17888
236	16661
237	16531
238	15705
239	15483
240	16294
241	15538
242	15490
243	15394
244	14537
245	14458
246	13792
247	12765
248	11592
249	11593
250	11944
251	11827
252	11730
253	11615
254	11597
255	11102
256	10720
257	9868
258	10014
259	9269
260	9049
261	9130
262	8895
263	8827
264	8953
265	8878
266	8116
267	7802
268	7374
269	6914
270	6704
271	6914
272	6416
273	7050
274	6770
275	6604
276	6429
277	6331
278	6334
279	5872
280	5507
281	5786
282	5625
283	5285
284	5495
285	5229
286	5121
287	5507
288	5048
289	5301
290	5168
291	5172
292	4922
293	4713
294	4824
295	4491
296	4612
297	4777
298	4862
299	5062
300	5131
301	5154
302	4870
303	5053
304	4445
305	4257
306	3972
307	3936
308	4244
309	4434
310	4693
311	4792
312	4824
313	4651
314	4401
315	4277
316	4020
317	3904
318	3840
319	3951
320	4050
321	4181
322	4212
323	4255
324	4126
325	4027
326	3773
327	3680
328	3555
329	3694
330	3637
331	3712
332	3885
333	3605
334	3460
335	3567
336	3373
337	3418
338	3365
339	3287
340	3157
341	3182
342	3055
343	2825
344	2993
345	2930
346	2970
347	3038
348	2971
349	2772
350	2739
351	2683
352	2586
353	2520
354	2400
355	2414
356	2405
357	2516
358	2445
359	2364
360	2310
361	2309
362	2160
363	2047
364	1989
365	1871
366	1928
367	1965
368	1980
369	2091
370	1967
371	1832
372	1768
373	1695
374	1678
375	1465
376	1509
377	1498
378	1603
379	1552
380	1566
381	1487
382	1386
383	1361
384	1281
385	1183
386	1186
387	1215
388	1097
389	1209
390	1170
391	1161
392	1140
393	1045
394	986
395	926
396	903
397	887
398	832
399	950
400	915
401	875
402	845
403	857
404	782
405	703
406	718
407	688
408	683
409	686
410	634
411	772
412	682
413	645
414	656
415	613
416	563
417	517
418	496
419	563
420	552
421	486
422	538
423	532
424	479
425	473
426	433
427	410
428	395
429	395
430	361
431	350
432	414
433	408
434	408
435	411
436	362
437	302
438	269
439	282
440	287
441	310
442	304
443	261
444	311
445	285
446	263
447	267
448	231
449	268
450	227
451	231
452	270
453	263
454	263
455	238
456	228
457	188
458	205
459	218
460	184
461	205
462	188
463	181
464	207
465	173
466	187
467	170
468	137
469	192
470	156
471	164
472	152
473	148
474	141
475	165
476	156
477	138
478	143
479	127
480	132
481	118
482	150
483	122
484	123
485	140
486	129
487	110
488	131
489	145
490	120
491	118
492	99
493	115
494	110
495	128
496	118
497	107
498	104
499	133
500	83
501	100
502	100
503	115
504	93
505	157
506	93
507	106
508	89
509	105
510	88
511	132
512	96
513	96
514	82
515	81
516	93
517	110
518	67
519	81
520	75
521	83
522	76
523	100
524	75
525	70
526	59
527	67
528	82
529	109
530	57
531	81
532	52
533	68
534	63
535	83
536	62
537	59
538	48
539	50
540	50
541	93
542	49
543	66
544	57
545	49
546	44
547	69
548	51
549	61
550	42
551	43
552	31
553	48
554	48
555	50
556	40
557	32
558	49
559	52
560	38
561	40
562	50
563	32
564	38
565	30
566	39
567	41
568	36
569	54
570	27
571	40
572	32
573	40
574	32
575	31
576	25
577	27
578	24
579	57
580	32
581	32
582	24
583	35
584	40
585	38
586	24
587	31
588	28
589	44
590	14
591	33
592	26
593	22
594	36
595	20
596	22
597	42
598	38
599	25
600	19
601	33
602	22
603	38
604	42
605	18
606	21
607	26
608	35
609	40
610	14
611	23
612	17
613	32
614	27
615	23
616	33
617	23
618	28
619	38
620	18
621	35
622	31
623	20
624	22
625	14
626	22
627	36
628	19
629	38
630	21
631	24
632	14
633	32
634	26
635	12
636	18
637	10
638	19
639	46
640	17
641	19
642	12
643	20
644	31
645	35
646	24
647	18
648	17
649	32
650	9
651	23
652	18
653	19
654	43
655	12
656	16
657	34
658	24
659	23
660	24
661	23
662	15
663	25
664	20
665	22
666	16
667	16
668	17
669	47
670	16
671	27
672	19
673	25
674	26
675	43
676	18
677	8
678	19
679	38
680	27
681	28
682	24
683	24
684	28
685	27
686	15
687	34
688	39
689	30
690	18
691	12
692	12
693	35
694	24
695	12
696	21
697	6
698	17
699	35
700	18
701	8
702	4
703	3
704	2
705	3
706	2
708	4
709	9
711	2
712	1
713	2
714	3
715	3
720	4
722	1
724	1
725	1
726	1
733	2
