22	1
23	3
24	2
25	6
26	41
27	64
28	140
29	324
30	424
31	560
32	1017
33	1386
34	1351
35	1770
36	2258
37	2252
38	2680
39	5104
40	10298
41	17295
42	23929
43	27672
44	26086
45	20219
46	13655
47	7823
48	5793
49	7127
50	11205
51	17562
52	24451
53	27315
54	26904
55	22052
56	15112
57	9804
58	6176
59	5923
60	7858
61	12176
62	17493
63	21907
64	23475
65	20532
66	14388
67	9361
68	6000
69	4883
70	5265
71	7475
72	10783
73	106
74	188
75	21287
76	23257
77	18509
78	6290
79	4432
80	4240
81	5090
82	6711
83	8903
84	10950
85	10838
86	9778
87	7566
88	5354
89	4010
90	3296
91	3499
92	4167
93	5389
94	6882
95	7590
96	7160
97	5873
98	4460
99	3498
100	2837
101	2740
102	3003
103	3574
104	4495
105	5139
106	5408
107	4911
108	4003
109	3195
110	2500
111	2293
112	2313
113	2675
114	3181
115	3815
116	4073
117	4120
118	3779
119	2985
120	2731
121	2611
122	2381
123	2255
124	2675
125	3239
126	3635
127	4089
128	4485
129	4424
130	6069
131	7559
132	6427
133	4408
134	3611
135	3949
136	4878
137	8382
138	11594
139	10687
140	13061
141	18561
142	17586
143	13944
144	11933
145	11900
146	12254
147	14473
148	16859
149	15350
150	15158
151	19271
152	23917
153	27180
154	30415
155	34006
156	37925
157	39210
158	37043
159	29525
160	22854
161	22220
162	27110
163	35399
164	45122
165	57942
166	71915
167	80165
168	74905
169	57252
170	40248
171	30698
172	29756
173	35472
174	45806
175	60551
176	75579
177	84817
178	81688
179	70283
180	54422
181	42187
182	35358
183	35967
184	41650
185	49587
186	59645
187	67574
188	70897
189	66221
190	57175
191	48141
192	42007
193	39379
194	40556
195	43769
196	49208
197	53722
198	57205
199	56100
200	52615
201	47379
202	43869
203	41621
204	40264
205	40642
206	42334
207	43333
208	44202
209	44285
210	43424
211	41731
212	39465
213	37592
214	36038
215	35379
216	34896
217	34299
218	33950
219	33725
220	32642
221	32152
222	31369
223	30237
224	29468
225	28465
226	27235
227	26298
228	25304
229	24741
230	23633
231	23046
232	22800
233	22436
234	21955
235	21309
236	20624
237	19207
238	17684
239	16796
240	16531
241	15703
242	15582
243	15318
244	15064
245	14469
246	13908
247	13062
248	12194
249	11421
250	10875
251	10132
252	9993
253	9701
254	9688
255	9400
256	8951
257	8681
258	7864
259	7546
260	7061
261	6446
262	6377
263	6245
264	5981
265	5913
266	5829
267	5629
268	5184
269	4766
270	4509
271	4144
272	3965
273	3829
274	3887
275	3820
276	3689
277	3596
278	3602
279	3467
280	3315
281	3162
282	3017
283	2812
284	2677
285	2601
286	2665
287	2727
288	2899
289	3147
290	3166
291	3135
292	3042
293	2858
294	2598
295	2447
296	2295
297	2602
298	2976
299	3396
300	3865
301	4254
302	4154
303	3913
304	3405
305	2975
306	2858
307	2813
308	3082
309	3660
310	4609
311	5230
312	5732
313	5471
314	5088
315	4401
316	3858
317	3711
318	3867
319	4487
320	5348
321	6114
322	6555
323	6889
324	6802
325	6183
326	5528
327	5070
328	4950
329	5333
330	5858
331	6453
332	6908
333	7594
334	7423
335	7103
336	6911
337	6656
338	6097
339	6144
340	6315
341	6497
342	7072
343	7384
344	7449
345	7450
346	7376
347	7071
348	7090
349	6782
350	6579
351	6561
352	6570
353	6821
354	6853
355	6832
356	6975
357	7126
358	7025
359	7093
360	6617
361	6432
362	6238
363	6093
364	6041
365	6164
366	6211
367	6465
368	6433
369	6537
370	6316
371	5979
372	5752
373	5541
374	5195
375	5215
376	5173
377	5313
378	5459
379	5503
380	5341
381	5266
382	5012
383	4659
384	4446
385	4437
386	4286
387	4225
388	4359
389	4360
390	4347
391	4451
392	4209
393	3913
394	3650
395	3442
396	3449
397	3286
398	3214
399	3299
400	3314
401	3285
402	3294
403	3080
404	2800
405	2749
406	2593
407	2412
408	2418
409	2478
410	2425
411	2350
412	2351
413	2337
414	2160
415	2095
416	1860
417	1799
418	1783
419	1728
420	1713
421	1689
422	1646
423	1538
424	1572
425	1441
426	1395
427	1235
428	1198
429	1158
430	1157
431	1115
432	1143
433	1114
434	1094
435	995
436	965
437	877
438	822
439	818
440	759
441	799
442	717
443	732
444	730
445	676
446	691
447	617
448	593
449	549
450	558
451	473
452	534
453	549
454	533
455	474
456	482
457	446
458	431
459	425
460	424
461	376
462	455
463	432
464	417
465	421
466	368
467	333
468	334
469	330
470	318
471	343
472	292
473	340
474	335
475	309
476	332
477	281
478	306
479	260
480	278
481	317
482	294
483	292
484	323
485	298
486	303
487	304
488	300
489	285
490	302
491	294
492	289
493	275
494	299
495	291
496	305
497	293
498	309
499	301
500	275
501	298
502	268
503	318
504	298
505	295
506	289
507	323
508	309
509	297
510	289
511	331
512	282
513	291
514	303
515	300
516	287
517	330
518	324
519	303
520	268
521	333
522	259
523	271
524	226
525	261
526	273
527	282
528	331
529	300
530	284
531	260
532	244
533	247
534	264
535	236
536	267
537	244
538	272
539	246
540	241
541	242
542	261
543	211
544	250
545	212
546	205
547	256
548	264
549	253
550	223
551	206
552	203
553	197
554	209
555	193
556	213
557	194
558	218
559	214
560	179
561	188
562	201
563	171
564	162
565	153
566	164
567	168
568	169
569	170
570	141
571	147
572	144
573	133
574	145
575	140
576	121
577	122
578	126
579	133
580	121
581	114
582	124
583	131
584	96
585	108
586	105
587	84
588	99
589	96
590	101
591	86
592	91
593	76
594	83
595	87
596	76
597	82
598	82
599	72
600	77
601	68
602	77
603	51
604	56
605	62
606	60
607	44
608	52
609	54
610	41
611	54
612	57
613	55
614	53
615	72
616	54
617	50
618	59
619	48
620	45
621	47
622	39
623	37
624	40
625	42
626	36
627	41
628	37
629	39
630	26
631	36
632	31
633	38
634	42
635	40
636	30
637	38
638	28
639	44
640	31
641	36
642	30
643	33
644	42
645	29
646	31
647	40
648	29
649	35
650	27
651	32
652	30
653	38
654	27
655	19
656	25
657	30
658	23
659	29
660	23
661	21
662	23
663	33
664	23
665	22
666	35
667	25
668	24
669	22
670	19
671	27
672	21
673	21
674	34
675	12
676	25
677	21
678	26
679	20
680	25
681	20
682	28
683	29
684	27
685	24
686	21
687	17
688	29
689	36
690	29
691	20
692	20
693	28
694	29
695	15
696	21
697	25
698	20
699	41
700	22
701	1
702	3
703	1
706	3
709	2
711	2
712	2
714	1
715	2
716	2
723	1
729	1
732	1
