22	8
23	59
24	26
25	116
26	122
27	350
28	873
29	3040
30	4993
31	8238
32	13331
33	18507
34	17740
35	17027
36	15649
37	11433
38	10450
39	18976
40	35971
41	60837
42	87868
43	103668
44	104443
45	83370
46	56817
47	34408
48	21529
49	24456
50	38393
51	62299
52	89045
53	103688
54	106815
55	92343
56	66642
57	44241
58	25785
59	21741
60	27630
61	43841
62	66298
63	86054
64	98030
65	89417
66	66704
67	44628
68	27776
69	19910
70	20787
71	29103
72	42908
73	505
74	750
75	89347
76	106968
77	85852
78	29375
79	20168
80	16353
81	19410
82	26585
83	36471
84	45540
85	48803
86	46439
87	37621
88	26738
89	18175
90	13772
91	13479
92	16193
93	22574
94	29140
95	34045
96	33975
97	30294
98	23014
99	16955
100	12252
101	10436
102	11270
103	14747
104	18830
105	23249
106	24658
107	23937
108	19436
109	14747
110	11124
111	9109
112	8756
113	10339
114	12988
115	16113
116	17937
117	18399
118	17063
119	13670
120	11487
121	9199
122	8270
123	8344
124	9998
125	12178
126	13892
127	16051
128	16006
129	14991
130	16334
131	17386
132	14294
133	10921
134	10443
135	12078
136	15019
137	21187
138	26176
139	23520
140	25250
141	30804
142	29409
143	24168
144	21978
145	22354
146	24269
147	28558
148	32782
149	30278
150	27681
151	31282
152	36070
153	40872
154	45799
155	51615
156	58295
157	62682
158	60793
159	49780
160	38386
161	35435
162	38711
163	49225
164	61776
165	80075
166	102273
167	118679
168	113216
169	90586
170	65530
171	50522
172	45666
173	50858
174	64392
175	84443
176	107470
177	123602
178	123738
179	107259
180	85871
181	66524
182	56023
183	54758
184	61029
185	72910
186	88138
187	102212
188	109310
189	104123
190	92315
191	77717
192	68475
193	63012
194	64191
195	69228
196	77097
197	85834
198	92832
199	93390
200	87164
201	80431
202	73360
203	68954
204	67628
205	67447
206	71081
207	74188
208	78339
209	78666
210	77659
211	72795
212	69338
213	65886
214	64348
215	62636
216	63105
217	63102
218	64290
219	64956
220	63213
221	61098
222	58802
223	57031
224	55053
225	54575
226	52824
227	52407
228	52112
229	51226
230	49715
231	48903
232	47291
233	45986
234	45054
235	44388
236	42751
237	41936
238	40377
239	39443
240	38424
241	37061
242	36155
243	35701
244	34389
245	33644
246	33300
247	31793
248	30831
249	29742
250	28840
251	28467
252	27128
253	26438
254	26063
255	25124
256	25012
257	23827
258	23128
259	21893
260	21643
261	20863
262	20390
263	19503
264	18990
265	18284
266	17856
267	17448
268	17031
269	16604
270	16251
271	15902
272	14936
273	14650
274	14070
275	13623
276	13656
277	13353
278	13010
279	13044
280	12843
281	12661
282	12227
283	11729
284	11196
285	10607
286	10679
287	10595
288	10703
289	10894
290	11077
291	11334
292	11501
293	11244
294	10301
295	9814
296	9246
297	9393
298	9568
299	10091
300	11078
301	11647
302	11840
303	11819
304	11065
305	10203
306	9411
307	9304
308	9287
309	9903
310	10283
311	11121
312	12123
313	12454
314	12429
315	11940
316	10750
317	10208
318	9713
319	9957
320	10549
321	11018
322	12054
323	12660
324	13013
325	12919
326	12213
327	11331
328	10653
329	10449
330	10226
331	10600
332	10936
333	11581
334	12330
335	12411
336	12318
337	11810
338	11342
339	10962
340	10496
341	10262
342	10157
343	10275
344	10733
345	11181
346	11267
347	11535
348	11050
349	11010
350	10269
351	9634
352	9251
353	8995
354	9054
355	9327
356	9529
357	9812
358	10055
359	10029
360	9466
361	8674
362	8448
363	8239
364	7775
365	7867
366	7866
367	8168
368	8295
369	8246
370	8210
371	7675
372	7273
373	6721
374	6433
375	6305
376	6364
377	6391
378	6590
379	6830
380	6597
381	6253
382	6111
383	5678
384	5263
385	5067
386	5018
387	4917
388	5017
389	5108
390	5176
391	5019
392	4775
393	4549
394	4187
395	4023
396	3811
397	3859
398	3750
399	3869
400	3882
401	3700
402	3494
403	3459
404	3239
405	3000
406	2898
407	2829
408	2742
409	2764
410	2728
411	2804
412	2639
413	2559
414	2372
415	2395
416	2152
417	2146
418	1975
419	2032
420	1958
421	1954
422	1972
423	1833
424	1761
425	1684
426	1583
427	1516
428	1400
429	1506
430	1486
431	1387
432	1377
433	1367
434	1307
435	1247
436	1140
437	1064
438	999
439	1055
440	1051
441	1005
442	998
443	977
444	991
445	849
446	863
447	788
448	842
449	852
450	783
451	781
452	760
453	752
454	666
455	620
456	655
457	635
458	601
459	599
460	618
461	568
462	612
463	580
464	576
465	565
466	518
467	509
468	457
469	473
470	459
471	470
472	485
473	508
474	476
475	448
476	440
477	457
478	420
479	439
480	400
481	393
482	394
483	416
484	406
485	341
486	376
487	406
488	366
489	396
490	354
491	328
492	372
493	342
494	319
495	338
496	308
497	370
498	333
499	298
500	311
501	289
502	276
503	367
504	336
505	355
506	311
507	316
508	375
509	304
510	304
511	280
512	251
513	299
514	289
515	297
516	314
517	302
518	346
519	297
520	271
521	261
522	259
523	275
524	218
525	264
526	229
527	295
528	256
529	261
530	250
531	241
532	215
533	210
534	204
535	222
536	223
537	262
538	240
539	214
540	222
541	227
542	185
543	204
544	190
545	178
546	199
547	216
548	220
549	187
550	183
551	166
552	156
553	175
554	154
555	155
556	144
557	156
558	202
559	188
560	128
561	144
562	136
563	171
564	144
565	132
566	116
567	120
568	165
569	159
570	131
571	120
572	129
573	172
574	143
575	114
576	121
577	87
578	130
579	113
580	104
581	134
582	145
583	109
584	130
585	128
586	135
587	99
588	91
589	73
590	92
591	121
592	96
593	68
594	83
595	67
596	79
597	85
598	94
599	92
600	64
601	55
602	64
603	86
604	69
605	71
606	78
607	57
608	66
609	81
610	78
611	53
612	48
613	53
614	71
615	67
616	50
617	59
618	46
619	58
620	57
621	76
622	52
623	54
624	65
625	62
626	44
627	47
628	43
629	68
630	48
631	47
632	67
633	41
634	61
635	40
636	43
637	46
638	37
639	65
640	50
641	54
642	50
643	37
644	46
645	53
646	54
647	48
648	42
649	65
650	57
651	54
652	47
653	60
654	51
655	39
656	45
657	67
658	32
659	45
660	40
661	59
662	48
663	67
664	41
665	36
666	38
667	36
668	45
669	44
670	58
671	46
672	56
673	51
674	46
675	52
676	47
677	57
678	43
679	74
680	46
681	66
682	39
683	39
684	55
685	41
686	46
687	56
688	55
689	87
690	46
691	38
692	44
693	61
694	51
695	41
696	45
697	42
698	62
699	64
700	30
701	2
702	14
703	4
704	2
705	5
706	2
707	4
709	3
710	2
711	1
712	4
713	1
715	5
716	1
718	1
719	1
720	4
721	5
725	1
728	2
739	2
741	1
756	1
