22	1
23	6
24	8
25	24
26	106
27	213
28	449
29	914
30	1133
31	1366
32	2409
33	2974
34	2232
35	2107
36	3147
37	3504
38	4418
39	7410
40	11906
41	18316
42	26314
43	28169
44	27170
45	21371
46	19369
47	14127
48	10530
49	10907
50	14256
51	19303
52	25228
53	25362
54	26798
55	24198
56	21232
57	16881
58	12597
59	12395
60	13183
61	17248
62	23225
63	28290
64	30533
65	27000
66	21553
67	18301
68	12663
69	12054
70	11433
71	13895
72	18332
73	131
74	297
75	36523
76	39214
77	36227
78	13862
79	11802
80	10318
81	12382
82	13064
83	16715
84	18172
85	18947
86	18467
87	15412
88	12025
89	10437
90	8897
91	8300
92	9574
93	11274
94	14307
95	14610
96	14592
97	12891
98	10667
99	9388
100	8520
101	6691
102	7254
103	8176
104	10406
105	10883
106	11791
107	9831
108	8933
109	7863
110	6745
111	6018
112	5578
113	5899
114	6700
115	7015
116	7973
117	8271
118	7677
119	6357
120	5314
121	4392
122	4498
123	4603
124	5120
125	5526
126	5709
127	6057
128	5612
129	4974
130	4284
131	3654
132	3556
133	3357
134	3735
135	3784
136	4054
137	4535
138	4665
139	3910
140	3826
141	3441
142	3141
143	2864
144	2713
145	2787
146	3040
147	3078
148	3361
149	3220
150	3337
151	3312
152	2583
153	2302
154	2074
155	2004
156	2411
157	2667
158	2396
159	2547
160	2276
161	2322
162	1892
163	1922
164	1801
165	1917
166	2150
167	2190
168	2277
169	2372
170	1806
171	1812
172	1562
173	1569
174	1576
175	1555
176	1618
177	1851
178	1540
179	1687
180	1780
181	1264
182	1222
183	1129
184	1056
185	1056
186	1056
187	1036
188	1076
189	1231
190	1113
191	1042
192	924
193	861
194	872
195	781
196	780
197	738
198	819
199	892
200	771
201	769
202	700
203	667
204	705
205	605
206	575
207	563
208	560
209	656
210	514
211	531
212	548
213	529
214	509
215	409
216	421
217	378
218	377
219	424
220	376
221	401
222	390
223	368
224	329
225	364
226	317
227	295
228	259
229	283
230	269
231	286
232	264
233	253
234	274
235	216
236	195
237	237
238	193
239	203
240	216
241	193
242	193
243	236
244	209
245	153
246	167
247	149
248	128
249	149
250	142
251	147
252	142
253	147
254	127
255	139
256	138
257	109
258	101
259	119
260	109
261	133
262	112
263	107
264	93
265	110
266	105
267	86
268	70
269	76
270	66
271	65
272	54
273	83
274	60
275	59
276	73
277	62
278	89
279	90
280	45
281	48
282	44
283	43
284	47
285	76
286	59
287	54
288	37
289	57
290	36
291	62
292	40
293	28
294	48
295	48
296	40
297	45
298	39
299	29
300	35
301	31
302	32
303	55
304	46
305	30
306	30
307	29
308	25
309	56
310	28
311	21
312	38
313	39
314	50
315	39
316	21
317	30
318	29
319	37
320	28
321	49
322	23
323	30
324	22
325	28
326	23
327	36
328	22
329	57
330	34
331	28
332	28
333	24
334	38
335	22
336	25
337	22
338	27
339	36
340	32
341	21
342	20
343	21
344	28
345	41
346	28
347	25
348	14
349	35
350	15
351	29
352	26
353	20
354	27
355	22
356	14
357	23
358	18
359	32
360	16
361	22
362	23
363	35
364	36
365	14
366	26
367	14
368	12
369	40
370	19
371	16
372	13
373	21
374	21
375	30
376	18
377	16
378	23
379	29
380	19
381	16
382	17
383	22
384	26
385	18
386	20
387	27
388	20
389	20
390	11
391	16
392	20
393	25
394	31
395	25
396	21
397	23
398	14
399	23
400	14
401	20
402	12
403	25
404	15
405	22
406	14
407	21
408	20
409	21
410	13
411	27
412	28
413	25
414	51
415	37
416	17
417	27
418	13
419	10
420	7
421	13
422	13
423	21
424	21
425	6
426	13
427	13
428	14
429	27
430	7
431	11
432	13
433	19
434	20
435	18
436	8
437	10
438	12
439	13
440	9
441	19
442	9
443	12
444	22
445	12
446	12
447	15
448	14
449	24
450	12
451	15
452	17
453	27
454	13
455	11
456	9
457	15
458	10
459	26
460	22
461	10
462	12
463	18
464	17
465	22
466	13
467	12
468	22
469	21
470	14
471	13
472	10
473	6
474	10
475	11
476	10
477	17
478	11
479	19
480	17
481	16
482	10
483	18
484	19
485	6
486	8
487	19
488	12
489	21
490	10
491	11
492	13
493	13
494	16
495	20
496	19
497	4
498	22
499	8
500	16
501	22
502	16
503	13
504	20
505	19
506	17
507	18
508	14
509	16
510	14
511	24
512	8
513	23
514	13
515	13
516	15
517	20
518	13
519	24
520	9
521	15
522	7
523	22
524	11
525	16
526	11
527	15
528	11
529	26
530	5
531	19
532	5
533	14
534	10
535	16
536	9
537	16
538	13
539	15
540	4
541	14
542	18
543	17
544	9
545	6
546	8
547	19
548	11
549	12
550	9
551	15
552	10
553	9
554	11
555	25
556	17
557	5
558	16
559	11
560	7
561	10
562	12
563	10
564	10
565	4
566	6
567	15
568	16
569	9
570	7
571	6
572	9
573	17
574	10
575	15
576	5
577	8
578	16
579	26
580	13
581	11
582	19
583	11
584	11
585	21
586	9
587	6
588	10
589	15
590	10
591	15
592	9
593	7
594	10
595	7
596	7
597	12
598	13
599	11
600	5
601	5
602	10
603	18
604	7
605	9
606	9
607	7
608	3
609	16
610	10
611	5
612	17
613	12
614	19
615	9
616	7
617	10
618	10
619	25
620	11
621	21
622	10
623	12
624	13
625	5
626	6
627	19
628	9
629	14
630	8
631	5
632	7
633	19
634	14
635	11
636	11
637	5
638	8
639	20
640	10
641	13
642	9
643	9
644	13
645	5
646	17
647	8
648	12
649	13
650	12
651	15
652	8
653	7
654	10
655	12
656	5
657	19
658	5
659	16
660	1
661	5
662	14
663	20
664	12
665	8
666	9
667	14
668	8
669	15
670	6
671	8
672	13
673	11
674	15
675	17
676	6
677	12
678	7
679	5
680	8
681	23
682	9
683	8
684	12
685	6
686	5
687	23
688	3
689	19
690	9
691	13
692	6
693	12
694	12
695	6
696	4
697	6
698	6
699	19
700	6
701	2
703	2
704	2
705	1
707	1
708	1
709	1
710	2
711	1
714	2
715	2
717	3
718	1
719	1
721	1
722	2
723	1
724	1
731	1
736	1
