22	30
23	99
24	90
25	251
26	1133
27	1797
28	3402
29	8483
30	14664
31	20304
32	35558
33	43746
34	44765
35	45569
36	50089
37	41832
38	42139
39	72052
40	133524
41	238758
42	336616
43	363894
44	357354
45	274677
46	204521
47	114204
48	76091
49	85458
50	144348
51	243660
52	329788
53	374285
54	377353
55	304442
56	226778
57	142671
58	81705
59	76475
60	94389
61	162960
62	252572
63	323172
64	370900
65	319741
66	239439
67	159257
68	92319
69	69444
70	68155
71	103585
72	158474
73	970
74	2883
75	366577
76	415597
77	342213
78	103328
79	68287
80	54819
81	69974
82	93353
83	139305
84	166302
85	173338
86	171123
87	130571
88	88029
89	60277
90	44256
91	42239
92	57932
93	78892
94	115838
95	116274
96	120776
97	111648
98	75981
99	62101
100	43612
101	33072
102	35490
103	46141
104	77525
105	83298
106	94156
107	73979
108	65107
109	48358
110	37963
111	30453
112	26067
113	32011
114	40720
115	49300
116	59179
117	61566
118	51345
119	42399
120	32589
121	25007
122	21458
123	23667
124	30284
125	32421
126	39148
127	45150
128	39871
129	35616
130	32522
131	25907
132	24704
133	20118
134	21012
135	24154
136	28694
137	32647
138	34863
139	30132
140	30019
141	27803
142	25472
143	23763
144	23074
145	23557
146	26142
147	28306
148	30893
149	27027
150	25673
151	26119
152	23636
153	26264
154	27453
155	30323
156	33212
157	32940
158	29981
159	27152
160	20847
161	21121
162	19837
163	23370
164	26398
165	31325
166	36334
167	37456
168	35318
169	29303
170	21644
171	19173
172	16780
173	17805
174	20544
175	23702
176	27335
177	29939
178	28342
179	25212
180	21408
181	16446
182	14450
183	13821
184	14069
185	16203
186	17286
187	19152
188	20085
189	18945
190	16890
191	13979
192	12072
193	10999
194	10611
195	10702
196	11482
197	12960
198	13602
199	13563
200	12209
201	10997
202	9471
203	8576
204	8497
205	8049
206	8327
207	8594
208	8442
209	9029
210	8037
211	7780
212	7202
213	6885
214	6305
215	5683
216	5824
217	5598
218	5617
219	5950
220	5511
221	5442
222	5122
223	4354
224	4357
225	4389
226	4083
227	3820
228	3808
229	3723
230	3719
231	3648
232	3273
233	3170
234	2952
235	2918
236	2637
237	2705
238	2520
239	2416
240	2363
241	2389
242	2260
243	2225
244	2061
245	2030
246	1865
247	1851
248	1718
249	1822
250	1565
251	1601
252	1577
253	1391
254	1409
255	1383
256	1345
257	1200
258	1178
259	1102
260	1046
261	1087
262	977
263	973
264	928
265	953
266	840
267	909
268	847
269	842
270	687
271	717
272	670
273	750
274	796
275	655
276	705
277	658
278	700
279	778
280	601
281	556
282	525
283	520
284	506
285	562
286	515
287	545
288	496
289	566
290	515
291	527
292	443
293	415
294	460
295	385
296	389
297	482
298	455
299	526
300	463
301	435
302	402
303	454
304	394
305	385
306	352
307	288
308	341
309	454
310	374
311	377
312	346
313	329
314	352
315	366
316	321
317	300
318	316
319	353
320	308
321	371
322	290
323	309
324	331
325	282
326	291
327	295
328	233
329	320
330	222
331	285
332	251
333	256
334	221
335	202
336	221
337	195
338	215
339	245
340	215
341	167
342	192
343	159
344	215
345	214
346	170
347	166
348	173
349	243
350	173
351	175
352	161
353	160
354	181
355	137
356	153
357	127
358	131
359	186
360	121
361	161
362	138
363	162
364	156
365	106
366	128
367	121
368	96
369	157
370	152
371	142
372	114
373	123
374	168
375	122
376	109
377	114
378	110
379	146
380	103
381	121
382	122
383	108
384	126
385	104
386	98
387	136
388	88
389	142
390	91
391	108
392	92
393	142
394	139
395	93
396	90
397	85
398	98
399	119
400	76
401	113
402	85
403	94
404	113
405	110
406	76
407	78
408	71
409	82
410	77
411	130
412	108
413	135
414	183
415	126
416	105
417	74
418	89
419	100
420	53
421	63
422	66
423	108
424	94
425	81
426	72
427	60
428	57
429	96
430	68
431	57
432	48
433	82
434	103
435	72
436	79
437	52
438	58
439	112
440	68
441	78
442	55
443	59
444	86
445	66
446	59
447	63
448	64
449	123
450	62
451	60
452	56
453	98
454	83
455	56
456	74
457	71
458	68
459	116
460	53
461	57
462	75
463	70
464	100
465	89
466	42
467	56
468	59
469	84
470	63
471	97
472	45
473	52
474	63
475	45
476	62
477	71
478	49
479	99
480	50
481	47
482	70
483	77
484	60
485	67
486	63
487	53
488	57
489	102
490	72
491	66
492	53
493	90
494	85
495	70
496	56
497	39
498	81
499	135
500	57
501	62
502	59
503	65
504	83
505	81
506	58
507	82
508	65
509	82
510	51
511	95
512	62
513	62
514	88
515	39
516	57
517	78
518	61
519	99
520	77
521	57
522	74
523	92
524	76
525	64
526	45
527	43
528	70
529	95
530	54
531	80
532	40
533	59
534	62
535	62
536	62
537	65
538	68
539	62
540	48
541	86
542	79
543	73
544	74
545	46
546	50
547	62
548	60
549	59
550	51
551	60
552	51
553	77
554	62
555	74
556	55
557	38
558	59
559	73
560	46
561	93
562	54
563	67
564	52
565	53
566	33
567	61
568	64
569	71
570	30
571	47
572	49
573	63
574	74
575	44
576	70
577	58
578	74
579	75
580	52
581	50
582	85
583	76
584	81
585	80
586	62
587	66
588	47
589	71
590	39
591	67
592	38
593	53
594	73
595	51
596	49
597	64
598	53
599	75
600	47
601	37
602	41
603	71
604	62
605	38
606	41
607	48
608	48
609	58
610	31
611	34
612	47
613	30
614	58
615	52
616	62
617	46
618	51
619	96
620	45
621	51
622	60
623	40
624	44
625	62
626	48
627	65
628	59
629	48
630	33
631	35
632	30
633	79
634	54
635	40
636	33
637	31
638	49
639	80
640	40
641	38
642	54
643	69
644	64
645	60
646	54
647	55
648	64
649	60
650	54
651	78
652	49
653	62
654	71
655	40
656	50
657	74
658	61
659	64
660	28
661	48
662	50
663	55
664	70
665	38
666	41
667	42
668	55
669	95
670	45
671	45
672	26
673	61
674	71
675	72
676	39
677	36
678	61
679	64
680	40
681	74
682	46
683	80
684	32
685	42
686	35
687	64
688	68
689	55
690	33
691	37
692	35
693	73
694	60
695	40
696	30
697	34
698	39
699	58
700	39
701	8
702	7
703	16
704	13
705	13
706	6
707	4
708	10
709	12
710	2
711	1
713	4
714	3
715	6
716	6
717	5
720	1
723	2
724	4
725	1
726	1
727	2
728	3
729	1
731	3
732	1
737	1
738	1
744	1
