22	2
23	22
24	20
25	46
26	381
27	489
28	1273
29	2549
30	3552
31	4277
32	7579
33	9912
34	10545
35	14568
36	21339
37	19458
38	24127
39	41167
40	76927
41	124006
42	173079
43	196980
44	192466
45	153486
46	113828
47	67090
48	49355
49	57949
50	93153
51	143403
52	195946
53	229624
54	227383
55	191641
56	140996
57	92464
58	59209
59	58261
60	73633
61	115689
62	166696
63	209427
64	231272
65	206497
66	153222
67	102621
68	66594
69	53851
70	58506
71	83972
72	118858
73	679
74	2013
75	246873
76	272971
77	222572
78	75101
79	53594
80	49081
81	62448
82	80733
83	109241
84	128737
85	131555
86	123866
87	95042
88	65228
89	48847
90	40467
91	42275
92	54926
93	70728
94	96231
95	97526
96	94619
97	83482
98	61358
99	47870
100	37146
101	33252
102	37402
103	47127
104	68663
105	74703
106	78356
107	64409
108	55052
109	41441
110	32878
111	29198
112	28742
113	34644
114	42734
115	51698
116	57679
117	55616
118	48682
119	37307
120	29643
121	25068
122	23322
123	27230
124	32791
125	37371
126	42728
127	45507
128	41684
129	35064
130	31806
131	27299
132	25734
133	24151
134	25859
135	31250
136	35607
137	40767
138	42900
139	36981
140	36332
141	35845
142	32847
143	30215
144	30156
145	32895
146	36028
147	41297
148	42967
149	38335
150	37126
151	38261
152	37756
153	40526
154	42944
155	48890
156	54745
157	56237
158	53747
159	46363
160	37361
161	36217
162	37550
163	44168
164	53105
165	66095
166	79695
167	85770
168	81072
169	64228
170	46954
171	38944
172	36247
173	40410
174	48415
175	60116
176	70452
177	78308
178	73694
179	63695
180	51797
181	41036
182	36349
183	36156
184	39453
185	45644
186	52263
187	58172
188	59796
189	55551
190	48320
191	40586
192	35437
193	34477
194	34621
195	37620
196	40216
197	44201
198	45716
199	45418
200	41811
201	37274
202	33910
203	32008
204	32365
205	31874
206	32738
207	33479
208	34630
209	34850
210	33382
211	31366
212	29862
213	28391
214	26919
215	26427
216	26173
217	26242
218	26202
219	26190
220	25738
221	24818
222	23516
223	22306
224	21808
225	21253
226	20608
227	20525
228	19810
229	19440
230	19230
231	18701
232	18738
233	17508
234	17181
235	16393
236	15929
237	15323
238	14905
239	14388
240	14120
241	13755
242	13948
243	13423
244	13186
245	12713
246	12088
247	11549
248	10923
249	10676
250	10356
251	10293
252	9810
253	9981
254	9863
255	9570
256	9130
257	8812
258	8416
259	7986
260	7824
261	7746
262	7510
263	7368
264	7297
265	7116
266	6672
267	6719
268	6404
269	5975
270	5734
271	5557
272	5549
273	5648
274	5458
275	5514
276	5205
277	5132
278	4945
279	4862
280	4605
281	4563
282	4320
283	4224
284	4253
285	4194
286	4141
287	4159
288	4178
289	3994
290	4109
291	3972
292	3833
293	3629
294	3574
295	3402
296	3362
297	3451
298	3552
299	3578
300	3558
301	3617
302	3445
303	3439
304	3185
305	2852
306	2896
307	2884
308	2916
309	3057
310	3062
311	3073
312	3049
313	3067
314	2819
315	2805
316	2739
317	2572
318	2584
319	2661
320	2525
321	2757
322	2742
323	2635
324	2716
325	2517
326	2436
327	2451
328	2382
329	2316
330	2269
331	2225
332	2304
333	2296
334	2148
335	2173
336	2046
337	2075
338	2121
339	2073
340	1899
341	1920
342	1869
343	1813
344	1763
345	1796
346	1733
347	1689
348	1848
349	1731
350	1642
351	1662
352	1438
353	1410
354	1417
355	1437
356	1413
357	1447
358	1444
359	1433
360	1326
361	1324
362	1308
363	1232
364	1168
365	1108
366	1144
367	1158
368	1165
369	1181
370	1089
371	1091
372	1012
373	933
374	919
375	930
376	842
377	901
378	844
379	901
380	851
381	821
382	808
383	766
384	785
385	743
386	679
387	692
388	705
389	656
390	682
391	699
392	684
393	664
394	620
395	526
396	497
397	466
398	490
399	558
400	531
401	518
402	477
403	539
404	487
405	429
406	423
407	394
408	369
409	418
410	395
411	424
412	361
413	382
414	368
415	313
416	319
417	329
418	282
419	304
420	303
421	282
422	283
423	293
424	296
425	233
426	239
427	232
428	227
429	259
430	225
431	210
432	204
433	200
434	214
435	231
436	194
437	174
438	180
439	179
440	154
441	200
442	167
443	181
444	192
445	176
446	165
447	172
448	124
449	172
450	143
451	116
452	114
453	139
454	133
455	144
456	108
457	115
458	97
459	137
460	108
461	90
462	100
463	103
464	118
465	130
466	109
467	97
468	95
469	117
470	103
471	93
472	92
473	91
474	106
475	93
476	96
477	93
478	85
479	85
480	71
481	57
482	75
483	86
484	82
485	77
486	65
487	78
488	70
489	114
490	47
491	69
492	70
493	64
494	68
495	76
496	63
497	59
498	71
499	86
500	67
501	66
502	65
503	42
504	72
505	92
506	71
507	57
508	72
509	77
510	55
511	80
512	48
513	68
514	64
515	42
516	55
517	74
518	60
519	74
520	49
521	51
522	43
523	81
524	66
525	49
526	31
527	29
528	52
529	85
530	46
531	53
532	34
533	42
534	56
535	44
536	23
537	51
538	55
539	41
540	34
541	61
542	28
543	43
544	37
545	29
546	34
547	44
548	30
549	58
550	36
551	34
552	32
553	44
554	31
555	48
556	34
557	33
558	36
559	34
560	30
561	52
562	21
563	23
564	37
565	32
566	27
567	34
568	37
569	34
570	30
571	15
572	23
573	37
574	34
575	20
576	21
577	23
578	30
579	59
580	13
581	24
582	37
583	22
584	31
585	39
586	26
587	35
588	33
589	23
590	23
591	34
592	32
593	22
594	32
595	13
596	19
597	25
598	18
599	32
600	24
601	19
602	18
603	39
604	27
605	34
606	23
607	21
608	36
609	50
610	29
611	28
612	31
613	31
614	23
615	40
616	22
617	21
618	24
619	27
620	23
621	52
622	27
623	20
624	29
625	18
626	33
627	32
628	28
629	34
630	22
631	23
632	22
633	56
634	25
635	23
636	20
637	24
638	41
639	36
640	21
641	16
642	17
643	24
644	31
645	43
646	24
647	24
648	19
649	32
650	11
651	30
652	17
653	16
654	29
655	18
656	14
657	46
658	30
659	30
660	12
661	27
662	8
663	38
664	26
665	23
666	16
667	18
668	20
669	36
670	17
671	16
672	14
673	16
674	16
675	30
676	19
677	28
678	27
679	25
680	28
681	36
682	15
683	13
684	17
685	18
686	19
687	23
688	18
689	21
690	29
691	23
692	21
693	41
694	14
695	12
696	17
697	26
698	16
699	36
700	23
701	2
702	4
703	1
704	9
705	4
707	3
708	2
709	6
710	2
711	3
712	5
713	1
714	3
716	1
717	2
718	2
719	2
720	1
721	1
724	1
728	7
729	2
731	1
732	3
733	1
747	1
