22	12
23	34
24	48
25	52
26	175
27	348
28	1132
29	3616
30	5973
31	8948
32	14832
33	18694
34	18623
35	17119
36	17618
37	12870
38	13434
39	26012
40	51269
41	94074
42	134642
43	150190
44	151521
45	121147
46	89433
47	51680
48	34005
49	41116
50	69630
51	118240
52	162493
53	195271
54	203453
55	165759
56	125527
57	79572
58	48320
59	42479
60	53793
61	91281
62	143965
63	186867
64	215064
65	188823
66	146474
67	99068
68	59670
69	45411
70	43344
71	67301
72	102516
73	1135
74	2536
75	232733
76	283699
77	233079
78	76223
79	52745
80	40524
81	51951
82	72390
83	107162
84	133807
85	145012
86	137870
87	110272
88	77177
89	54480
90	38916
91	38540
92	51473
93	73198
94	103298
95	114566
96	115810
97	106774
98	76100
99	62643
100	42870
101	34382
102	38520
103	50206
104	80154
105	89385
106	100269
107	86159
108	73782
109	56335
110	44598
111	35449
112	33925
113	40177
114	51103
115	65375
116	77031
117	82173
118	70952
119	56921
120	46191
121	35990
122	31760
123	34820
124	43370
125	50300
126	60670
127	67394
128	64530
129	56476
130	52372
131	41993
132	38620
133	34905
134	36228
135	45127
136	53106
137	59522
138	63608
139	56393
140	53170
141	48972
142	43055
143	41429
144	42538
145	46214
146	50657
147	60262
148	62144
149	56713
150	54348
151	50160
152	44783
153	47770
154	50178
155	56484
156	64211
157	69029
158	65496
159	62338
160	54181
161	49283
162	45386
163	48257
164	53011
165	63017
166	74789
167	83487
168	82553
169	75496
170	60463
171	52411
172	44381
173	45013
174	49245
175	58115
176	67833
177	77552
178	77218
179	71872
180	68440
181	53370
182	46793
183	44288
184	43720
185	49016
186	54254
187	61785
188	67351
189	67254
190	61594
191	53018
192	46273
193	42060
194	42002
195	42237
196	45854
197	51375
198	55496
199	57643
200	54462
201	48878
202	43821
203	40831
204	40566
205	39299
206	40657
207	42406
208	44983
209	48493
210	45957
211	44169
212	41291
213	38101
214	36297
215	34022
216	34469
217	35220
218	37739
219	38117
220	37855
221	37676
222	34985
223	32898
224	31962
225	31612
226	29981
227	29288
228	30456
229	30638
230	30769
231	30844
232	30038
233	28126
234	27541
235	25503
236	24449
237	24422
238	24226
239	24596
240	24750
241	23976
242	24112
243	23467
244	22353
245	21632
246	20555
247	19630
248	18912
249	19173
250	19669
251	19544
252	19566
253	18873
254	18655
255	17516
256	17004
257	15813
258	15952
259	15493
260	15091
261	15473
262	14883
263	14476
264	14737
265	14485
266	13680
267	12831
268	12407
269	12454
270	11901
271	12055
272	11845
273	12074
274	12135
275	11660
276	11197
277	10874
278	10313
279	10816
280	9917
281	10177
282	9937
283	9567
284	10032
285	9642
286	9106
287	9332
288	8763
289	9185
290	8854
291	8919
292	8965
293	8253
294	8583
295	7924
296	7785
297	8179
298	7729
299	8331
300	8051
301	7827
302	7925
303	8207
304	7747
305	7388
306	7037
307	6788
308	7267
309	7403
310	7195
311	7392
312	7439
313	7379
314	7165
315	7101
316	6640
317	6342
318	6286
319	6399
320	6323
321	6415
322	6487
323	6420
324	6626
325	6282
326	6090
327	6071
328	5776
329	6081
330	5466
331	5577
332	5525
333	5649
334	5692
335	5351
336	5329
337	5255
338	5076
339	5128
340	4982
341	4659
342	4613
343	4545
344	4560
345	4477
346	4567
347	4546
348	4531
349	4740
350	4243
351	4363
352	4078
353	3874
354	3811
355	3782
356	3692
357	3799
358	3783
359	3982
360	3479
361	3618
362	3363
363	3235
364	3271
365	3046
366	3139
367	2971
368	3139
369	3372
370	3023
371	3069
372	2803
373	2703
374	2690
375	2423
376	2431
377	2434
378	2347
379	2669
380	2320
381	2416
382	2347
383	2265
384	2185
385	1945
386	2034
387	1972
388	2004
389	2078
390	1857
391	1879
392	1842
393	1866
394	1865
395	1654
396	1519
397	1526
398	1472
399	1734
400	1518
401	1577
402	1507
403	1447
404	1552
405	1285
406	1274
407	1197
408	1145
409	1443
410	1054
411	1287
412	1170
413	1224
414	1409
415	1062
416	949
417	991
418	1000
419	1099
420	898
421	968
422	887
423	986
424	1064
425	817
426	779
427	758
428	784
429	962
430	706
431	722
432	725
433	762
434	935
435	719
436	654
437	653
438	676
439	841
440	584
441	713
442	607
443	604
444	804
445	554
446	595
447	621
448	568
449	755
450	467
451	526
452	500
453	545
454	644
455	468
456	499
457	522
458	549
459	690
460	407
461	456
462	458
463	498
464	618
465	448
466	439
467	400
468	415
469	540
470	358
471	405
472	350
473	402
474	484
475	399
476	361
477	382
478	400
479	455
480	384
481	345
482	367
483	363
484	495
485	337
486	317
487	376
488	370
489	557
490	329
491	256
492	296
493	347
494	456
495	324
496	279
497	311
498	295
499	586
500	266
501	320
502	267
503	290
504	419
505	421
506	288
507	312
508	344
509	445
510	302
511	372
512	316
513	329
514	384
515	211
516	252
517	352
518	357
519	467
520	248
521	259
522	289
523	401
524	358
525	254
526	249
527	229
528	302
529	467
530	254
531	282
532	234
533	263
534	320
535	308
536	271
537	251
538	283
539	371
540	198
541	318
542	244
543	273
544	302
545	207
546	240
547	287
548	306
549	352
550	217
551	210
552	195
553	273
554	287
555	218
556	174
557	182
558	267
559	319
560	178
561	220
562	175
563	249
564	265
565	177
566	201
567	228
568	250
569	292
570	204
571	201
572	213
573	298
574	252
575	202
576	211
577	187
578	213
579	298
580	179
581	179
582	204
583	207
584	283
585	248
586	241
587	188
588	160
589	318
590	152
591	208
592	177
593	187
594	226
595	134
596	161
597	207
598	194
599	278
600	146
601	171
602	149
603	219
604	235
605	139
606	155
607	177
608	167
609	311
610	147
611	145
612	160
613	174
614	245
615	201
616	145
617	190
618	176
619	255
620	143
621	191
622	201
623	188
624	251
625	151
626	159
627	230
628	168
629	252
630	149
631	154
632	130
633	270
634	234
635	162
636	160
637	166
638	204
639	309
640	147
641	150
642	149
643	171
644	254
645	179
646	153
647	163
648	218
649	258
650	166
651	236
652	160
653	185
654	277
655	170
656	163
657	206
658	227
659	277
660	147
661	151
662	187
663	231
664	279
665	192
666	137
667	161
668	231
669	238
670	152
671	126
672	195
673	211
674	286
675	213
676	171
677	171
678	216
679	228
680	162
681	198
682	190
683	201
684	260
685	139
686	137
687	204
688	180
689	241
690	142
691	137
692	137
693	250
694	188
695	145
696	135
697	153
698	185
699	236
700	146
701	43
702	46
703	56
704	75
705	46
706	30
707	31
708	34
709	37
710	30
711	25
712	20
713	19
714	28
715	13
716	13
717	15
718	22
719	13
720	14
721	13
722	4
723	11
724	12
725	4
726	7
727	4
728	6
729	8
730	12
731	3
732	3
733	2
734	8
735	8
736	4
737	1
738	8
739	7
741	1
742	1
743	3
744	9
748	2
749	2
750	1
753	1
762	1
764	1
