22	5
23	58
24	27
25	143
26	276
27	595
28	1787
29	5028
30	8236
31	12632
32	21151
33	27710
34	27090
35	27041
36	25147
37	20261
38	19511
39	30259
40	56622
41	96791
42	138821
43	162214
44	164675
45	135417
46	97906
47	64001
48	43172
49	46592
50	69675
51	110146
52	156747
53	184445
54	191042
55	169990
56	128554
57	92291
58	57118
59	49230
60	57922
61	88167
62	130057
63	171775
64	194697
65	183293
66	140552
67	101546
68	66895
69	51959
70	49836
71	66105
72	95137
73	1440
74	1961
75	214123
76	244314
77	201697
78	77841
79	56024
80	46002
81	51572
82	66117
83	88965
84	110688
85	123498
86	117035
87	100768
88	74054
89	54589
90	41034
91	39231
92	44470
93	60532
94	76460
95	91336
96	91525
97	84643
98	66628
99	51806
100	38684
101	33041
102	33791
103	41483
104	52658
105	65096
106	68683
107	68074
108	58476
109	47027
110	36353
111	29968
112	27113
113	30100
114	36251
115	45132
116	51120
117	54151
118	50729
119	43218
120	34710
121	28322
122	23668
123	24046
124	27440
125	33271
126	38025
127	42618
128	42702
129	39966
130	35895
131	32473
132	26918
133	23424
134	23010
135	26929
136	31541
137	40105
138	44621
139	41548
140	38220
141	38163
142	33871
143	29994
144	28623
145	30250
146	34130
147	40627
148	43788
149	42571
150	38063
151	37083
152	36446
153	37824
154	40631
155	45898
156	52386
157	58620
158	59164
159	53414
160	43700
161	38374
162	37048
163	40599
164	47679
165	59736
166	75648
167	88580
168	88414
169	75366
170	58654
171	46646
172	40572
173	41372
174	47226
175	58446
176	72260
177	84756
178	88481
179	81579
180	68538
181	55183
182	46071
183	43292
184	44695
185	50546
186	59402
187	68718
188	75129
189	74982
190	68612
191	59653
192	52375
193	48443
194	46339
195	47555
196	51529
197	57711
198	63292
199	64654
200	62849
201	58036
202	53331
203	49236
204	47313
205	47372
206	48181
207	50154
208	52385
209	53855
210	53561
211	51896
212	49341
213	46852
214	45254
215	43171
216	42632
217	42565
218	43460
219	44893
220	44329
221	43909
222	42005
223	40490
224	38808
225	37951
226	36699
227	35595
228	36094
229	36069
230	36361
231	34865
232	34252
233	33632
234	33154
235	31487
236	30143
237	29752
238	28594
239	28404
240	28103
241	27904
242	27824
243	26734
244	25792
245	25397
246	24798
247	23783
248	22748
249	22037
250	21841
251	21562
252	21505
253	21081
254	20348
255	20017
256	19176
257	18559
258	17891
259	17452
260	17315
261	16702
262	16690
263	16081
264	15636
265	15268
266	15079
267	14345
268	13973
269	13580
270	13181
271	13026
272	12587
273	12659
274	12349
275	11842
276	11773
277	11499
278	11069
279	10849
280	10397
281	10499
282	10211
283	10082
284	9691
285	9528
286	9089
287	9043
288	8823
289	8687
290	8426
291	8296
292	8419
293	8304
294	8052
295	7926
296	7753
297	7514
298	7370
299	7083
300	6890
301	7167
302	6913
303	7057
304	7047
305	6679
306	6457
307	6316
308	6121
309	6144
310	5928
311	5867
312	5833
313	5849
314	5920
315	5826
316	5745
317	5723
318	5437
319	5138
320	4942
321	4894
322	4773
323	4825
324	4871
325	4921
326	5036
327	4869
328	4495
329	4500
330	4257
331	4123
332	3930
333	3979
334	3936
335	4028
336	4006
337	4113
338	3952
339	3950
340	3555
341	3494
342	3412
343	3148
344	3246
345	3247
346	3234
347	3234
348	3362
349	3187
350	3031
351	2991
352	2715
353	2584
354	2498
355	2478
356	2550
357	2573
358	2626
359	2638
360	2565
361	2427
362	2269
363	2151
364	1959
365	2005
366	2027
367	1978
368	2061
369	2157
370	2043
371	2006
372	1794
373	1689
374	1620
375	1556
376	1585
377	1591
378	1561
379	1593
380	1623
381	1580
382	1500
383	1479
384	1357
385	1251
386	1189
387	1246
388	1213
389	1193
390	1261
391	1275
392	1209
393	1179
394	1081
395	1026
396	914
397	993
398	918
399	957
400	961
401	978
402	906
403	846
404	834
405	849
406	814
407	739
408	675
409	740
410	736
411	782
412	693
413	767
414	740
415	674
416	603
417	625
418	595
419	598
420	570
421	554
422	542
423	590
424	538
425	521
426	494
427	506
428	479
429	518
430	399
431	455
432	433
433	459
434	429
435	389
436	387
437	373
438	334
439	386
440	322
441	352
442	324
443	369
444	389
445	337
446	312
447	310
448	334
449	299
450	273
451	274
452	296
453	316
454	274
455	309
456	235
457	283
458	237
459	254
460	257
461	249
462	210
463	233
464	264
465	238
466	236
467	208
468	214
469	229
470	211
471	200
472	181
473	186
474	193
475	183
476	174
477	199
478	183
479	191
480	176
481	164
482	168
483	160
484	184
485	206
486	176
487	180
488	149
489	199
490	138
491	149
492	154
493	155
494	172
495	157
496	135
497	155
498	156
499	166
500	138
501	153
502	146
503	136
504	171
505	176
506	137
507	174
508	129
509	138
510	124
511	132
512	124
513	164
514	118
515	118
516	119
517	148
518	137
519	124
520	120
521	139
522	130
523	128
524	124
525	125
526	109
527	117
528	151
529	138
530	112
531	105
532	96
533	112
534	118
535	129
536	91
537	127
538	121
539	114
540	95
541	132
542	88
543	118
544	98
545	90
546	117
547	110
548	119
549	146
550	106
551	121
552	90
553	80
554	79
555	111
556	104
557	102
558	87
559	131
560	108
561	114
562	79
563	85
564	82
565	85
566	83
567	121
568	101
569	108
570	88
571	100
572	94
573	92
574	74
575	88
576	89
577	82
578	71
579	110
580	69
581	91
582	81
583	79
584	89
585	116
586	94
587	79
588	72
589	106
590	83
591	90
592	71
593	74
594	89
595	85
596	82
597	102
598	89
599	83
600	67
601	53
602	73
603	80
604	72
605	63
606	67
607	73
608	77
609	78
610	80
611	83
612	71
613	89
614	86
615	74
616	78
617	70
618	75
619	79
620	61
621	68
622	67
623	67
624	66
625	73
626	76
627	79
628	65
629	74
630	75
631	60
632	79
633	64
634	73
635	79
636	65
637	72
638	68
639	93
640	65
641	57
642	54
643	76
644	72
645	72
646	83
647	79
648	57
649	76
650	62
651	78
652	77
653	77
654	57
655	72
656	66
657	78
658	65
659	89
660	51
661	67
662	52
663	71
664	64
665	70
666	69
667	55
668	67
669	92
670	61
671	66
672	49
673	65
674	68
675	74
676	72
677	62
678	73
679	105
680	47
681	78
682	54
683	70
684	75
685	59
686	45
687	58
688	68
689	74
690	52
691	82
692	48
693	77
694	69
695	58
696	47
697	59
698	65
699	78
700	60
701	11
702	17
703	10
704	8
705	7
706	5
707	3
708	7
709	10
710	8
711	5
713	3
714	3
715	1
716	1
717	1
719	2
721	4
727	2
729	2
731	1
732	1
735	1
743	1
745	1
768	1
