22	10
23	83
24	94
25	105
26	880
27	1498
28	4034
29	8943
30	11387
31	16021
32	30407
33	37145
34	31063
35	35173
36	45905
37	44184
38	55684
39	98510
40	171005
41	280704
42	400445
43	433202
44	437264
45	318717
46	239626
47	169340
48	126790
49	146551
50	198491
51	281199
52	387882
53	404980
54	425211
55	334823
56	251296
57	189056
58	122363
59	120990
60	132376
61	176584
62	241450
63	283739
64	314961
65	261450
66	196896
67	136232
68	91374
69	83560
70	79689
71	102392
72	131838
73	998
74	2044
75	252827
76	267719
77	226638
78	78157
79	60371
80	50903
81	58251
82	68253
83	84322
84	100141
85	100835
86	89290
87	71625
88	52494
89	42239
90	33271
91	32354
92	36482
93	45660
94	55151
95	59973
96	56225
97	46846
98	36804
99	30521
100	25614
101	21966
102	22603
103	26067
104	31302
105	35260
106	35204
107	32216
108	27035
109	21899
110	18120
111	15620
112	14885
113	15387
114	18238
115	20913
116	22147
117	22972
118	20968
119	16628
120	14490
121	11947
122	10812
123	10652
124	12431
125	13989
126	14933
127	16198
128	15832
129	15444
130	15078
131	15026
132	12659
133	10391
134	10027
135	11237
136	12231
137	16127
138	18279
139	18002
140	21164
141	25411
142	21002
143	15679
144	13375
145	13191
146	14119
147	16340
148	18670
149	19651
150	23418
151	27094
152	26034
153	23197
154	22755
155	22965
156	24197
157	24844
158	22380
159	19762
160	15996
161	16565
162	18667
163	21415
164	25034
165	29663
166	33714
167	33613
168	29954
169	23905
170	16740
171	14470
172	13106
173	14982
174	18352
175	21217
176	24188
177	25232
178	22959
179	19689
180	15318
181	12147
182	10319
183	10369
184	11485
185	12465
186	13688
187	14007
188	14167
189	13256
190	10956
191	9316
192	7901
193	7441
194	7293
195	7516
196	7919
197	7921
198	8269
199	7797
200	6955
201	6452
202	5487
203	5219
204	5034
205	4671
206	4664
207	4818
208	4490
209	4532
210	4094
211	3761
212	3581
213	3558
214	3377
215	2961
216	2882
217	2648
218	2668
219	2664
220	2413
221	2305
222	2135
223	1907
224	1991
225	1932
226	1638
227	1588
228	1472
229	1547
230	1293
231	1387
232	1214
233	1212
234	1192
235	1054
236	1084
237	1143
238	916
239	969
240	797
241	757
242	775
243	831
244	907
245	640
246	630
247	641
248	527
249	780
250	529
251	478
252	424
253	446
254	589
255	493
256	429
257	419
258	368
259	464
260	317
261	503
262	395
263	313
264	387
265	334
266	330
267	379
268	339
269	367
270	246
271	314
272	280
273	417
274	380
275	225
276	252
277	233
278	258
279	455
280	244
281	263
282	231
283	218
284	317
285	257
286	247
287	208
288	219
289	319
290	251
291	304
292	226
293	242
294	286
295	180
296	248
297	291
298	228
299	313
300	221
301	224
302	233
303	305
304	323
305	194
306	227
307	179
308	207
309	379
310	277
311	256
312	205
313	213
314	307
315	284
316	245
317	224
318	221
319	334
320	194
321	352
322	244
323	254
324	313
325	170
326	238
327	318
328	211
329	313
330	173
331	249
332	232
333	278
334	299
335	181
336	197
337	199
338	211
339	372
340	214
341	185
342	207
343	211
344	280
345	269
346	207
347	227
348	202
349	296
350	178
351	256
352	178
353	192
354	261
355	162
356	186
357	208
358	182
359	261
360	155
361	198
362	157
363	231
364	248
365	172
366	179
367	173
368	175
369	300
370	178
371	190
372	192
373	199
374	266
375	211
376	236
377	208
378	186
379	291
380	193
381	218
382	236
383	285
384	336
385	221
386	196
387	270
388	256
389	272
390	209
391	236
392	235
393	248
394	340
395	234
396	231
397	257
398	203
399	335
400	171
401	255
402	180
403	152
404	245
405	222
406	178
407	215
408	152
409	250
410	194
411	332
412	269
413	436
414	387
415	342
416	273
417	213
418	162
419	219
420	108
421	129
422	149
423	201
424	199
425	106
426	133
427	140
428	156
429	269
430	145
431	139
432	120
433	154
434	264
435	153
436	143
437	126
438	141
439	255
440	120
441	177
442	160
443	152
444	206
445	170
446	139
447	185
448	142
449	254
450	134
451	149
452	128
453	178
454	250
455	122
456	164
457	129
458	149
459	306
460	131
461	138
462	160
463	146
464	237
465	158
466	131
467	112
468	110
469	247
470	118
471	184
472	127
473	129
474	172
475	143
476	132
477	133
478	150
479	217
480	116
481	138
482	126
483	162
484	217
485	129
486	130
487	147
488	157
489	253
490	128
491	124
492	109
493	145
494	205
495	151
496	144
497	114
498	155
499	282
500	108
501	157
502	138
503	161
504	199
505	167
506	142
507	147
508	141
509	195
510	135
511	165
512	123
513	183
514	190
515	122
516	128
517	159
518	147
519	256
520	145
521	147
522	131
523	165
524	172
525	151
526	140
527	122
528	158
529	218
530	166
531	158
532	113
533	147
534	178
535	132
536	110
537	168
538	146
539	170
540	93
541	158
542	115
543	168
544	152
545	110
546	128
547	123
548	138
549	210
550	117
551	139
552	101
553	181
554	181
555	159
556	129
557	128
558	125
559	205
560	104
561	178
562	129
563	150
564	156
565	125
566	140
567	170
568	161
569	174
570	95
571	108
572	89
573	154
574	148
575	120
576	131
577	120
578	169
579	193
580	109
581	102
582	158
583	142
584	177
585	202
586	115
587	134
588	141
589	170
590	112
591	139
592	102
593	115
594	152
595	95
596	107
597	170
598	135
599	169
600	98
601	109
602	113
603	162
604	193
605	118
606	90
607	114
608	118
609	218
610	103
611	96
612	108
613	121
614	149
615	152
616	109
617	113
618	105
619	163
620	107
621	165
622	127
623	132
624	141
625	115
626	109
627	156
628	128
629	144
630	104
631	105
632	114
633	177
634	165
635	99
636	100
637	101
638	103
639	192
640	108
641	112
642	103
643	112
644	160
645	120
646	105
647	90
648	129
649	138
650	115
651	139
652	117
653	126
654	135
655	152
656	130
657	165
658	133
659	200
660	107
661	109
662	127
663	174
664	181
665	146
666	110
667	129
668	121
669	182
670	124
671	125
672	112
673	130
674	156
675	177
676	122
677	110
678	148
679	140
680	115
681	139
682	115
683	140
684	137
685	105
686	92
687	155
688	124
689	161
690	131
691	88
692	107
693	172
694	154
695	100
696	111
697	124
698	98
699	149
700	85
701	29
702	41
703	36
704	26
705	23
706	13
707	21
708	21
709	15
710	14
711	14
712	10
713	16
714	15
715	9
716	12
717	7
718	15
719	7
720	7
721	5
722	4
723	5
724	4
725	13
726	2
727	6
728	6
729	2
730	8
731	1
732	2
733	2
734	3
735	2
736	1
738	2
739	3
740	1
741	4
747	1
748	1
750	1
760	1
