22	3
23	10
24	13
25	19
26	169
27	223
28	765
29	1976
30	2918
31	3927
32	6683
33	8068
34	6999
35	7890
36	10489
37	8618
38	11093
39	23628
40	48825
41	86882
42	126496
43	134679
44	133746
45	104144
46	77713
47	40756
48	28239
49	34787
50	63301
51	104490
52	138539
53	165915
54	166055
55	131842
56	96825
57	56295
58	35095
59	35270
60	47416
61	81025
62	123264
63	152599
64	169599
65	144391
66	104045
67	67678
68	40052
69	31962
70	33226
71	56066
72	82309
73	524
74	1735
75	212077
76	209355
77	177093
78	47695
79	33253
80	29735
81	45803
82	61054
83	93256
84	107368
85	110343
86	107313
87	77760
88	51837
89	35608
90	28680
91	30496
92	45470
93	62825
94	91874
95	90193
96	89934
97	79681
98	54385
99	43591
100	31946
101	26561
102	30789
103	43797
104	73126
105	77213
106	83919
107	62904
108	54014
109	40408
110	31151
111	27438
112	26257
113	33669
114	44630
115	53779
116	65364
117	64453
118	53481
119	39871
120	30803
121	25081
122	23076
123	28305
124	37271
125	42294
126	50702
127	54087
128	48582
129	40770
130	40013
131	32927
132	30729
133	28297
134	29999
135	37319
136	42957
137	47394
138	49760
139	41111
140	43544
141	42216
142	38751
143	36785
144	37048
145	40499
146	43228
147	49350
148	49907
149	43844
150	43378
151	43879
152	41045
153	44593
154	48268
155	54033
156	61455
157	61589
158	54595
159	49151
160	38524
161	38747
162	37916
163	44573
164	51542
165	62557
166	73366
167	76924
168	73584
169	60749
170	44349
171	38298
172	34209
173	37727
174	44277
175	53940
176	61959
177	68553
178	63714
179	55635
180	49556
181	36330
182	32127
183	31555
184	33140
185	39316
186	43851
187	48574
188	48939
189	47389
190	40903
191	33894
192	28717
193	26647
194	26999
195	28326
196	30751
197	34913
198	35911
199	36110
200	32483
201	27504
202	25196
203	22725
204	23142
205	22585
206	24242
207	24340
208	24393
209	27063
210	23330
211	22004
212	20429
213	18662
214	17870
215	16791
216	17061
217	16970
218	17140
219	16916
220	16319
221	16176
222	14882
223	13714
224	13171
225	12718
226	12663
227	12227
228	12219
229	11413
230	11024
231	11256
232	10697
233	9516
234	9280
235	8837
236	8366
237	8331
238	7844
239	7671
240	7665
241	7337
242	7217
243	7149
244	6347
245	6137
246	6033
247	5525
248	5281
249	5074
250	5086
251	4774
252	4822
253	4657
254	4532
255	4546
256	4192
257	3812
258	3867
259	3712
260	3287
261	3299
262	3123
263	3001
264	3093
265	3018
266	2769
267	2943
268	2698
269	2549
270	2259
271	2165
272	2159
273	2190
274	2300
275	2129
276	2058
277	2172
278	2161
279	2280
280	1914
281	1949
282	1700
283	1570
284	1634
285	1691
286	1639
287	1914
288	1918
289	2043
290	1947
291	1800
292	1639
293	1530
294	1488
295	1449
296	1544
297	1699
298	1836
299	1997
300	2107
301	2050
302	1791
303	1741
304	1449
305	1345
306	1243
307	1428
308	1675
309	1875
310	1919
311	1967
312	1777
313	1625
314	1517
315	1402
316	1278
317	1343
318	1365
319	1548
320	1567
321	1680
322	1660
323	1662
324	1460
325	1248
326	1225
327	1189
328	1230
329	1265
330	1258
331	1341
332	1217
333	1371
334	1229
335	1106
336	1055
337	984
338	971
339	1045
340	1025
341	1015
342	975
343	1023
344	976
345	914
346	814
347	836
348	815
349	813
350	742
351	858
352	750
353	724
354	729
355	576
356	609
357	645
358	608
359	666
360	638
361	579
362	566
363	550
364	523
365	465
366	489
367	419
368	474
369	521
370	446
371	413
372	375
373	388
374	383
375	379
376	332
377	340
378	354
379	410
380	303
381	336
382	324
383	343
384	339
385	297
386	265
387	246
388	252
389	273
390	235
391	243
392	205
393	223
394	263
395	179
396	194
397	217
398	151
399	240
400	159
401	178
402	176
403	170
404	188
405	160
406	133
407	146
408	140
409	192
410	129
411	155
412	181
413	166
414	184
415	193
416	118
417	109
418	114
419	155
420	76
421	92
422	90
423	102
424	132
425	92
426	91
427	97
428	103
429	132
430	83
431	100
432	85
433	95
434	140
435	77
436	98
437	74
438	65
439	123
440	81
441	70
442	83
443	99
444	93
445	75
446	80
447	93
448	62
449	119
450	79
451	100
452	81
453	85
454	81
455	78
456	82
457	74
458	89
459	122
460	72
461	65
462	59
463	61
464	112
465	71
466	60
467	62
468	71
469	100
470	54
471	87
472	45
473	68
474	85
475	80
476	46
477	63
478	68
479	96
480	68
481	77
482	62
483	52
484	85
485	58
486	50
487	80
488	60
489	110
490	53
491	45
492	46
493	73
494	74
495	60
496	51
497	69
498	85
499	106
500	60
501	71
502	63
503	61
504	109
505	103
506	78
507	75
508	73
509	104
510	72
511	112
512	68
513	87
514	72
515	77
516	57
517	94
518	75
519	93
520	47
521	56
522	54
523	71
524	61
525	63
526	63
527	47
528	78
529	124
530	61
531	64
532	47
533	52
534	74
535	88
536	67
537	60
538	89
539	74
540	56
541	83
542	48
543	81
544	78
545	44
546	63
547	67
548	74
549	89
550	42
551	62
552	44
553	88
554	73
555	73
556	53
557	51
558	60
559	62
560	54
561	49
562	40
563	72
564	62
565	42
566	40
567	72
568	86
569	81
570	52
571	50
572	41
573	64
574	74
575	42
576	54
577	35
578	58
579	74
580	45
581	43
582	67
583	63
584	66
585	64
586	57
587	70
588	45
589	63
590	29
591	64
592	52
593	61
594	54
595	31
596	43
597	50
598	55
599	77
600	41
601	46
602	26
603	56
604	74
605	47
606	40
607	31
608	49
609	69
610	39
611	48
612	45
613	41
614	55
615	54
616	46
617	43
618	46
619	65
620	47
621	75
622	58
623	44
624	61
625	49
626	42
627	63
628	42
629	80
630	32
631	55
632	47
633	70
634	64
635	50
636	62
637	56
638	47
639	58
640	42
641	53
642	44
643	48
644	65
645	52
646	62
647	49
648	54
649	56
650	44
651	65
652	48
653	42
654	73
655	46
656	49
657	60
658	58
659	53
660	25
661	53
662	42
663	79
664	76
665	50
666	57
667	52
668	55
669	67
670	35
671	47
672	54
673	51
674	77
675	64
676	53
677	44
678	74
679	79
680	40
681	48
682	50
683	51
684	57
685	47
686	54
687	57
688	56
689	85
690	47
691	44
692	49
693	79
694	80
695	49
696	36
697	41
698	44
699	58
700	36
701	17
702	4
703	23
704	11
705	10
706	7
707	7
708	15
709	5
710	8
711	8
712	4
713	9
714	7
715	3
716	10
717	2
718	4
719	5
720	4
721	4
722	2
723	1
724	7
725	3
726	1
727	6
728	4
729	1
730	2
732	1
733	2
734	2
736	1
737	2
740	1
745	1
749	1
