22	2
23	13
24	16
25	30
26	92
27	220
28	578
29	1691
30	2957
31	4700
32	7998
33	8980
34	8719
35	8408
36	8713
37	6628
38	7615
39	16853
40	35610
41	68984
42	106181
43	110167
44	112202
45	77821
46	54499
47	28668
48	17937
49	22951
50	43867
51	77149
52	110677
53	126485
54	130500
55	99697
56	74490
57	45950
58	24796
59	25710
60	34434
61	62532
62	100282
63	135963
64	155545
65	134438
66	101284
67	64135
68	37267
69	28619
70	29201
71	48412
72	77072
73	837
74	1690
75	189406
76	219704
77	179621
78	54518
79	36649
80	28986
81	41781
82	58813
83	88821
84	111942
85	118147
86	112175
87	88103
88	58828
89	41835
90	28908
91	31302
92	44759
93	64372
94	95802
95	100736
96	101049
97	93801
98	64142
99	52333
100	35778
101	29455
102	36073
103	48496
104	82298
105	88358
106	99311
107	80197
108	67832
109	50980
110	38184
111	33178
112	33038
113	39894
114	55085
115	69157
116	84228
117	85861
118	72885
119	56264
120	42314
121	33724
122	30068
123	38054
124	48787
125	58544
126	69590
127	77457
128	71662
129	57349
130	52076
131	37942
132	35600
133	37341
134	41070
135	53151
136	62622
137	68041
138	71597
139	59407
140	57538
141	48532
142	42779
143	40858
144	44319
145	50671
146	57412
147	69626
148	69277
149	65225
150	63943
151	58345
152	49444
153	51164
154	56304
155	64258
156	76495
157	81300
158	75271
159	72917
160	63638
161	59112
162	55141
163	60630
164	67381
165	81831
166	95711
167	107985
168	103046
169	96686
170	74316
171	63943
172	54736
173	57447
174	65059
175	79876
176	92982
177	110698
178	104409
179	94554
180	92526
181	68719
182	62156
183	57898
184	56926
185	67962
186	76550
187	87886
188	95704
189	94026
190	85301
191	71554
192	64205
193	55349
194	56382
195	57813
196	63386
197	74867
198	79588
199	81695
200	78991
201	68466
202	62661
203	57567
204	57925
205	54390
206	59602
207	61772
208	66555
209	71992
210	65775
211	63715
212	59895
213	55614
214	52242
215	49016
216	50578
217	51355
218	56860
219	55021
220	55210
221	56727
222	52555
223	49100
224	47888
225	46330
226	45418
227	44299
228	46232
229	46294
230	47142
231	48800
232	46493
233	43443
234	42551
235	39392
236	36896
237	36941
238	36960
239	39300
240	39780
241	38838
242	39212
243	37713
244	36202
245	35149
246	32787
247	30434
248	29438
249	31190
250	31632
251	33192
252	32111
253	31624
254	31626
255	30063
256	28890
257	26358
258	27819
259	26649
260	25356
261	26874
262	27013
263	25996
264	27778
265	26090
266	23630
267	21716
268	21425
269	21422
270	21155
271	21810
272	21239
273	22080
274	22823
275	21394
276	21779
277	20235
278	19307
279	19462
280	18076
281	20015
282	20016
283	17982
284	19775
285	19084
286	18029
287	19770
288	17260
289	18174
290	17121
291	17854
292	17947
293	16758
294	18413
295	17410
296	16947
297	17469
298	17034
299	18048
300	17613
301	17818
302	17456
303	17697
304	16894
305	16528
306	15657
307	15993
308	16533
309	16556
310	16679
311	17565
312	17588
313	17941
314	17989
315	17460
316	16144
317	16082
318	16221
319	16464
320	16048
321	16759
322	16845
323	17805
324	18355
325	16914
326	16949
327	16185
328	15614
329	16435
330	14998
331	16390
332	15764
333	16812
334	17533
335	16015
336	15862
337	16065
338	15486
339	15584
340	14744
341	14184
342	14506
343	14398
344	14224
345	14503
346	14947
347	15011
348	14624
349	14462
350	13388
351	13903
352	12868
353	12127
354	12157
355	11850
356	12651
357	12744
358	12957
359	13125
360	12568
361	11639
362	11961
363	10451
364	11199
365	10236
366	10695
367	10950
368	10886
369	11253
370	10567
371	10220
372	9390
373	9519
374	9229
375	8454
376	8517
377	8884
378	8767
379	9280
380	8608
381	8643
382	8630
383	7778
384	7735
385	6913
386	7050
387	7245
388	7281
389	7528
390	6992
391	7080
392	6445
393	6606
394	6454
395	5570
396	5521
397	5698
398	5401
399	6110
400	5815
401	5856
402	5390
403	5148
404	5054
405	4676
406	4606
407	4355
408	4375
409	4503
410	4468
411	4857
412	4571
413	4190
414	4384
415	3730
416	3828
417	3381
418	3593
419	3840
420	3455
421	3899
422	3554
423	3676
424	3639
425	3099
426	2980
427	2947
428	3010
429	3159
430	2635
431	2960
432	3067
433	2930
434	3094
435	2623
436	2466
437	2469
438	2312
439	2553
440	2236
441	2485
442	2462
443	2316
444	2762
445	2327
446	2065
447	2191
448	2010
449	2369
450	1891
451	1911
452	2062
453	2129
454	2135
455	1830
456	1969
457	1794
458	1767
459	1925
460	1626
461	1679
462	1733
463	1817
464	1927
465	1712
466	1675
467	1545
468	1624
469	1785
470	1506
471	1540
472	1643
473	1480
474	1734
475	1591
476	1458
477	1609
478	1309
479	1565
480	1318
481	1392
482	1378
483	1514
484	1574
485	1472
486	1392
487	1483
488	1343
489	1553
490	1140
491	1147
492	1240
493	1204
494	1502
495	1286
496	1184
497	1184
498	1147
499	1537
500	1128
501	1031
502	1042
503	1037
504	1248
505	1185
506	1152
507	1085
508	1229
509	1269
510	1027
511	1082
512	976
513	1025
514	1121
515	959
516	991
517	1117
518	1104
519	1167
520	898
521	904
522	877
523	844
524	1002
525	936
526	906
527	820
528	898
529	1081
530	867
531	784
532	774
533	817
534	975
535	784
536	706
537	709
538	848
539	1008
540	774
541	820
542	676
543	802
544	888
545	591
546	578
547	693
548	681
549	729
550	572
551	585
552	548
553	575
554	770
555	572
556	505
557	503
558	750
559	875
560	473
561	577
562	545
563	585
564	687
565	495
566	522
567	510
568	602
569	624
570	491
571	442
572	533
573	592
574	573
575	439
576	440
577	402
578	454
579	587
580	391
581	423
582	450
583	492
584	537
585	395
586	386
587	389
588	441
589	506
590	375
591	415
592	364
593	364
594	491
595	371
596	363
597	360
598	367
599	533
600	332
601	348
602	311
603	396
604	458
605	290
606	230
607	250
608	338
609	488
610	309
611	329
612	290
613	311
614	492
615	312
616	274
617	299
618	359
619	444
620	248
621	357
622	335
623	322
624	427
625	250
626	292
627	277
628	322
629	431
630	225
631	288
632	303
633	421
634	394
635	257
636	219
637	316
638	309
639	451
640	265
641	282
642	280
643	318
644	444
645	270
646	327
647	301
648	342
649	437
650	251
651	305
652	276
653	327
654	489
655	242
656	260
657	267
658	325
659	469
660	235
661	215
662	290
663	285
664	389
665	266
666	244
667	258
668	334
669	393
670	219
671	274
672	282
673	406
674	359
675	296
676	251
677	256
678	375
679	386
680	265
681	280
682	233
683	324
684	441
685	243
686	231
687	261
688	357
689	439
690	207
691	241
692	228
693	297
694	380
695	209
696	210
697	225
698	255
699	374
700	244
701	73
702	101
703	105
704	108
705	48
706	45
707	37
708	74
709	62
710	52
711	51
712	24
713	24
714	57
715	24
716	42
717	20
718	34
719	23
720	30
721	23
722	12
723	7
724	23
725	18
726	18
727	32
728	7
729	14
730	4
731	9
732	3
733	2
734	10
735	4
736	1
737	8
738	3
739	3
740	5
741	6
742	5
743	3
744	7
745	1
746	2
750	1
751	1
753	1
755	1
760	1
