23	15
24	7
25	25
26	56
27	150
28	239
29	574
30	812
31	1100
32	1852
33	2339
34	2031
35	2747
36	3512
37	3098
38	3876
39	7570
40	14108
41	24529
42	35379
43	37320
44	36905
45	26744
46	17022
47	9999
48	6746
49	8631
50	13865
51	21510
52	31410
53	33352
54	34277
55	27279
56	18817
57	11731
58	6937
59	6464
60	9312
61	14097
62	20963
63	26554
64	27793
65	23627
66	16120
67	10128
68	6230
69	4854
70	5406
71	7975
72	11371
73	127
74	285
75	30365
76	24949
77	19891
78	6006
79	4196
80	3752
81	4682
82	6892
83	8652
84	10962
85	11099
86	9708
87	7194
88	4923
89	3398
90	2791
91	2896
92	3806
93	5095
94	6421
95	7366
96	6602
97	5761
98	3975
99	2959
100	2303
101	2105
102	2405
103	3276
104	4092
105	4720
106	5166
107	4598
108	3242
109	2936
110	1985
111	1907
112	1941
113	2240
114	2871
115	3312
116	3568
117	3825
118	3211
119	2783
120	2310
121	2311
122	2108
123	1903
124	2399
125	2836
126	3197
127	3971
128	4193
129	4651
130	5730
131	7540
132	6785
133	4354
134	3408
135	3640
136	4768
137	8364
138	11204
139	10778
140	13006
141	18614
142	18521
143	14264
144	11497
145	11093
146	11381
147	13986
148	15493
149	14736
150	14687
151	18639
152	22954
153	25747
154	27875
155	30808
156	34527
157	35731
158	34452
159	27937
160	21050
161	20310
162	24860
163	31906
164	40225
165	51006
166	63207
167	71441
168	68426
169	52608
170	37226
171	28513
172	27256
173	32094
174	41028
175	53236
176	67521
177	74026
178	72303
179	62664
180	48696
181	38462
182	32275
183	32791
184	37004
185	43605
186	52204
187	58587
188	62529
189	58348
190	50577
191	42577
192	36720
193	35506
194	36607
195	38937
196	43322
197	47478
198	49924
199	49139
200	45847
201	42447
202	38195
203	37178
204	36476
205	36907
206	37555
207	37993
208	39236
209	38981
210	37834
211	36111
212	35725
213	33652
214	32726
215	32596
216	31091
217	30344
218	30267
219	29733
220	28373
221	27431
222	27128
223	27025
224	25711
225	25368
226	24448
227	23484
228	22525
229	21682
230	20950
231	20286
232	19636
233	19890
234	19748
235	18783
236	17995
237	16959
238	15916
239	15442
240	14379
241	13945
242	13826
243	13263
244	13291
245	12761
246	12331
247	11928
248	11187
249	10485
250	9545
251	9532
252	9037
253	8650
254	8516
255	8358
256	8303
257	7782
258	7502
259	6979
260	6573
261	5913
262	6063
263	5759
264	5331
265	5605
266	5599
267	5142
268	5022
269	4775
270	4499
271	4428
272	4249
273	3996
274	3810
275	3730
276	3817
277	3851
278	3915
279	4012
280	3935
281	3839
282	3752
283	3576
284	3360
285	3116
286	3336
287	3266
288	3878
289	4212
290	4691
291	5036
292	5103
293	4837
294	4048
295	3739
296	3586
297	3866
298	4818
299	5861
300	7035
301	8249
302	8591
303	8571
304	7159
305	6473
306	5197
307	5212
308	5869
309	7302
310	8884
311	11142
312	12211
313	12779
314	12151
315	10540
316	9095
317	8640
318	8224
319	9332
320	11161
321	13165
322	15318
323	16585
324	16552
325	15159
326	13502
327	12304
328	11566
329	11849
330	12604
331	14385
332	15886
333	17376
334	19037
335	17884
336	17635
337	16296
338	15209
339	14809
340	14268
341	14896
342	15529
343	16685
344	17952
345	18865
346	19161
347	18409
348	17748
349	17330
350	16465
351	15709
352	15413
353	15530
354	16294
355	16535
356	17959
357	17928
358	18263
359	17645
360	16472
361	15840
362	15041
363	14761
364	14486
365	14863
366	15635
367	16386
368	16410
369	16117
370	16271
371	15357
372	14375
373	13671
374	13034
375	13025
376	13141
377	13473
378	14139
379	14124
380	14199
381	13443
382	12558
383	11874
384	11286
385	11451
386	11230
387	11431
388	11355
389	11434
390	11313
391	10897
392	10625
393	9937
394	9531
395	9082
396	8801
397	8898
398	9044
399	8516
400	8757
401	8738
402	7977
403	7930
404	7355
405	6901
406	7059
407	6670
408	6647
409	6699
410	6572
411	6505
412	5872
413	5911
414	5845
415	5380
416	4762
417	4865
418	4775
419	4745
420	4626
421	4562
422	4256
423	4229
424	3987
425	3800
426	3773
427	3320
428	3284
429	3318
430	3272
431	3252
432	3063
433	3130
434	2716
435	2623
436	2511
437	2623
438	2419
439	2248
440	2306
441	2279
442	2210
443	2166
444	2013
445	1885
446	1789
447	1780
448	1654
449	1700
450	1735
451	1672
452	1561
453	1641
454	1568
455	1553
456	1544
457	1459
458	1434
459	1389
460	1428
461	1421
462	1412
463	1359
464	1453
465	1427
466	1353
467	1316
468	1235
469	1343
470	1356
471	1266
472	1487
473	1495
474	1402
475	1484
476	1499
477	1410
478	1327
479	1394
480	1514
481	1507
482	1590
483	1603
484	1583
485	1721
486	1610
487	1663
488	1522
489	1680
490	1558
491	1663
492	1668
493	1802
494	1970
495	1936
496	1939
497	1816
498	1875
499	1847
500	1812
501	1822
502	1869
503	1975
504	2101
505	2209
506	2037
507	2074
508	2136
509	2112
510	2045
511	1985
512	2105
513	2173
514	2192
515	2181
516	2287
517	2361
518	2358
519	2144
520	2135
521	2103
522	2274
523	2068
524	2256
525	2365
526	2280
527	2266
528	2324
529	2128
530	2125
531	1975
532	2169
533	2072
534	2049
535	2019
536	2149
537	2280
538	2173
539	2187
540	1998
541	2025
542	1925
543	1940
544	1933
545	1951
546	1939
547	2001
548	1941
549	1917
550	1805
551	1734
552	1753
553	1650
554	1717
555	1689
556	1716
557	1734
558	1678
559	1693
560	1645
561	1542
562	1535
563	1484
564	1432
565	1440
566	1419
567	1452
568	1412
569	1383
570	1301
571	1363
572	1250
573	1175
574	1168
575	1239
576	1155
577	1091
578	1137
579	1104
580	1109
581	993
582	1029
583	967
584	838
585	900
586	825
587	888
588	830
589	817
590	863
591	812
592	777
593	755
594	717
595	618
596	656
597	676
598	650
599	633
600	622
601	639
602	592
603	568
604	530
605	455
606	538
607	512
608	498
609	494
610	464
611	475
612	407
613	424
614	459
615	350
616	330
617	425
618	378
619	327
620	338
621	390
622	345
623	355
624	335
625	309
626	297
627	302
628	288
629	300
630	309
631	313
632	274
633	249
634	297
635	270
636	265
637	265
638	253
639	248
640	272
641	257
642	274
643	297
644	231
645	256
646	221
647	243
648	264
649	226
650	262
651	265
652	255
653	255
654	239
655	229
656	231
657	246
658	276
659	224
660	256
661	228
662	208
663	254
664	254
665	234
666	222
667	239
668	234
669	239
670	222
671	238
672	226
673	270
674	258
675	260
676	228
677	252
678	262
679	251
680	252
681	216
682	239
683	247
684	268
685	254
686	240
687	260
688	265
689	337
690	290
691	227
692	206
693	208
694	240
695	222
696	238
697	224
698	226
699	264
700	259
701	26
702	12
703	12
704	3
705	3
706	3
707	2
708	7
709	4
710	4
711	1
713	3
714	3
715	3
716	5
717	1
718	3
719	3
720	3
722	4
723	2
724	3
725	2
727	3
729	2
730	1
732	2
734	1
737	4
753	1
