23	10
24	7
25	19
26	102
27	141
28	321
29	641
30	712
31	1001
32	2032
33	2551
34	2186
35	2706
36	3936
37	4367
38	5402
39	8787
40	12988
41	20632
42	29724
43	34204
44	34406
45	26541
46	21412
47	16590
48	13695
49	15433
50	17572
51	24134
52	30716
53	34355
54	36781
55	29971
56	24838
57	19677
58	14934
59	14988
60	15618
61	19591
62	25979
63	30579
64	34575
65	30380
66	24267
67	18753
68	14012
69	13550
70	13675
71	16675
72	21015
73	238
74	464
75	39283
76	46400
77	40516
78	16267
79	14862
80	12842
81	15350
82	17792
83	21723
84	25777
85	24754
86	23395
87	19638
88	15765
89	15091
90	12117
91	12613
92	14791
93	17559
94	22046
95	22574
96	21870
97	20247
98	15969
99	15065
100	12708
101	12061
102	12930
103	14776
104	19901
105	20160
106	21399
107	19253
108	16152
109	14894
110	12323
111	12246
112	12377
113	13249
114	16549
115	17574
116	19128
117	19551
118	17503
119	15485
120	12973
121	12134
122	11960
123	12545
124	15601
125	16655
126	18077
127	19501
128	19511
129	18759
130	17736
131	17470
132	15841
133	14263
134	14990
135	16436
136	18584
137	22365
138	25568
139	27120
140	32309
141	38965
142	33806
143	24761
144	22053
145	22176
146	23946
147	27593
148	32252
149	37942
150	52333
151	68510
152	62156
153	51245
154	48192
155	48989
156	53149
157	53739
158	51945
159	47616
160	44035
161	50347
162	56553
163	64508
164	74030
165	86991
166	105252
167	106650
168	95810
169	77409
170	59544
171	53394
172	52063
173	60160
174	72849
175	90155
176	105315
177	112410
178	104268
179	91296
180	75829
181	57979
182	51606
183	51835
184	57556
185	65356
186	72221
187	80200
188	82271
189	78202
190	68011
191	57381
192	51260
193	48924
194	51191
195	50163
196	54094
197	56798
198	60711
199	60495
200	55221
201	51298
202	47849
203	46088
204	44264
205	41639
206	42475
207	42198
208	43281
209	43446
210	41763
211	40833
212	38575
213	37915
214	37481
215	33339
216	32309
217	30938
218	31534
219	31078
220	29547
221	28711
222	27751
223	27157
224	26799
225	25025
226	24307
227	23101
228	22078
229	21221
230	20288
231	20056
232	19525
233	18955
234	18613
235	17507
236	16582
237	15462
238	14419
239	14261
240	13323
241	13007
242	13221
243	12557
244	12689
245	11326
246	10915
247	10155
248	9155
249	9551
250	8726
251	8778
252	8597
253	8274
254	8310
255	7699
256	7290
257	6682
258	6421
259	6623
260	5816
261	5892
262	5681
263	5523
264	5613
265	5199
266	4869
267	4668
268	4479
269	4678
270	4103
271	4248
272	4171
273	4127
274	4228
275	3911
276	4046
277	3897
278	3731
279	4126
280	3558
281	3667
282	3608
283	3182
284	3656
285	3231
286	3309
287	3588
288	3570
289	3987
290	3694
291	3876
292	3480
293	3375
294	3453
295	3021
296	3077
297	3447
298	3662
299	4686
300	4596
301	4576
302	4255
303	4045
304	3904
305	3232
306	3350
307	3415
308	3801
309	4558
310	4720
311	4894
312	4903
313	4569
314	4394
315	3690
316	3684
317	3629
318	3824
319	4674
320	4664
321	5105
322	4940
323	4885
324	4887
325	4222
326	4160
327	3854
328	3867
329	4424
330	4312
331	4666
332	4516
333	4613
334	4680
335	4075
336	3936
337	3873
338	3726
339	4246
340	3817
341	3779
342	3680
343	3787
344	4054
345	3700
346	3726
347	3701
348	3455
349	3907
350	3298
351	3219
352	3087
353	3066
354	3228
355	2803
356	3023
357	2989
358	3087
359	3180
360	2622
361	2594
362	2416
363	2319
364	2557
365	2244
366	2202
367	2190
368	2236
369	2523
370	2012
371	2184
372	1951
373	1834
374	2016
375	1598
376	1595
377	1606
378	1591
379	1948
380	1503
381	1505
382	1432
383	1387
384	1591
385	1240
386	1163
387	1153
388	1156
389	1470
390	1147
391	1141
392	1032
393	977
394	1239
395	928
396	899
397	871
398	854
399	1120
400	747
401	751
402	781
403	721
404	950
405	633
406	646
407	630
408	633
409	800
410	557
411	579
412	577
413	656
414	856
415	541
416	550
417	542
418	518
419	782
420	443
421	465
422	425
423	445
424	659
425	366
426	402
427	361
428	428
429	615
430	350
431	346
432	368
433	370
434	571
435	348
436	319
437	326
438	362
439	573
440	327
441	370
442	310
443	346
444	497
445	315
446	302
447	368
448	329
449	563
450	266
451	325
452	317
453	353
454	558
455	303
456	279
457	298
458	323
459	529
460	246
461	292
462	325
463	331
464	523
465	279
466	282
467	272
468	328
469	520
470	251
471	306
472	252
473	276
474	488
475	308
476	301
477	260
478	318
479	542
480	276
481	296
482	309
483	328
484	462
485	296
486	348
487	306
488	271
489	569
490	326
491	310
492	308
493	327
494	541
495	290
496	317
497	297
498	366
499	543
500	295
501	319
502	285
503	377
504	506
505	350
506	373
507	365
508	447
509	543
510	308
511	362
512	344
513	396
514	452
515	315
516	398
517	484
518	537
519	581
520	357
521	359
522	379
523	367
524	480
525	362
526	350
527	383
528	469
529	517
530	409
531	328
532	295
533	353
534	466
535	348
536	380
537	270
538	404
539	498
540	281
541	361
542	259
543	342
544	444
545	229
546	311
547	296
548	396
549	482
550	269
551	329
552	292
553	343
554	406
555	305
556	278
557	318
558	387
559	505
560	271
561	313
562	285
563	358
564	465
565	284
566	284
567	295
568	347
569	462
570	263
571	291
572	312
573	384
574	439
575	230
576	286
577	274
578	330
579	462
580	248
581	268
582	315
583	321
584	431
585	262
586	266
587	265
588	280
589	400
590	216
591	257
592	234
593	275
594	387
595	212
596	240
597	234
598	282
599	497
600	242
601	226
602	231
603	283
604	391
605	253
606	227
607	256
608	328
609	384
610	241
611	221
612	268
613	263
614	372
615	253
616	219
617	265
618	291
619	418
620	264
621	283
622	397
623	284
624	375
625	215
626	271
627	280
628	295
629	407
630	237
631	275
632	304
633	281
634	433
635	263
636	248
637	247
638	241
639	388
640	233
641	250
642	247
643	313
644	406
645	251
646	272
647	255
648	332
649	392
650	235
651	298
652	260
653	321
654	366
655	259
656	283
657	297
658	330
659	421
660	258
661	277
662	264
663	288
664	392
665	283
666	277
667	269
668	345
669	391
670	239
671	255
672	300
673	366
674	444
675	277
676	279
677	296
678	407
679	403
680	296
681	247
682	242
683	361
684	369
685	252
686	252
687	295
688	364
689	482
690	318
691	239
692	296
693	321
694	401
695	222
696	248
697	251
698	319
699	306
700	274
701	110
702	117
703	104
704	97
705	85
706	65
707	52
708	63
709	91
710	68
711	43
712	43
713	59
714	47
715	46
716	48
717	35
718	45
719	29
720	27
721	31
722	19
723	20
724	26
725	16
726	18
727	21
728	12
729	24
730	19
731	5
732	15
733	16
734	18
735	10
736	9
737	9
738	13
739	9
740	3
741	11
742	3
743	8
744	5
745	1
746	3
747	3
748	5
749	2
750	1
751	1
752	1
754	1
755	1
756	1
757	3
759	1
761	2
764	2
