22	9
23	120
24	36
25	166
26	643
27	1072
28	2470
29	5468
30	6945
31	9098
32	15897
33	19285
34	18354
35	23422
36	31741
37	29765
38	36466
39	64623
40	120564
41	188532
42	254881
43	277618
44	261648
45	198934
46	131500
47	78873
48	56655
49	67751
50	100640
51	150091
52	204611
53	224257
54	220836
55	177720
56	121368
57	80532
58	51200
59	48512
60	62741
61	91975
62	130417
63	159491
64	169778
65	145685
66	103583
67	66969
68	43649
69	35229
70	38938
71	53935
72	74844
73	551
74	1232
75	153565
76	153869
77	123887
78	39411
79	28933
80	26362
81	32316
82	42340
83	54415
84	65988
85	68136
86	57551
87	44985
88	31444
89	22787
90	18293
91	19223
92	24618
93	32449
94	38883
95	42738
96	39808
97	33105
98	24529
99	18095
100	14167
101	13226
102	15278
103	19150
104	23963
105	27820
106	27024
107	24629
108	20023
109	14724
110	11692
111	10232
112	10377
113	12448
114	15091
115	18548
116	19282
117	19155
118	16767
119	13056
120	11819
121	10881
122	9657
123	9742
124	11275
125	13342
126	15236
127	17953
128	18644
129	18710
130	23705
131	28179
132	22053
133	15581
134	13613
135	14574
136	18335
137	30678
138	39771
139	37099
140	44623
141	57894
142	52695
143	40646
144	34275
145	33726
146	35841
147	43544
148	49047
149	46140
150	46660
151	55898
152	63551
153	66832
154	72704
155	79426
156	87329
157	92272
158	85961
159	69791
160	55195
161	52522
162	60962
163	74609
164	91201
165	115223
166	139679
167	151455
168	140138
169	108557
170	76535
171	60254
172	56365
173	64813
174	80510
175	100888
176	121047
177	132808
178	128610
179	108624
180	84389
181	66143
182	56486
183	55933
184	61454
185	71238
186	82248
187	90085
188	93420
189	86745
190	74410
191	62594
192	53906
193	50734
194	49779
195	52784
196	56440
197	60181
198	63116
199	62727
200	56992
201	51445
202	45758
203	42589
204	41339
205	39593
206	39812
207	40546
208	41169
209	40162
210	38869
211	36863
212	34684
213	32165
214	29857
215	29203
216	27684
217	26396
218	25801
219	25478
220	24691
221	23976
222	22720
223	21859
224	20252
225	19364
226	18194
227	17152
228	16522
229	15588
230	14886
231	14485
232	13751
233	13356
234	12743
235	12449
236	11483
237	10400
238	9705
239	8992
240	8650
241	8635
242	8165
243	8090
244	7726
245	7400
246	6933
247	6374
248	5702
249	5141
250	4936
251	4739
252	4542
253	4545
254	4308
255	3984
256	4000
257	3668
258	3367
259	3114
260	2863
261	2914
262	2632
263	2496
264	2620
265	2490
266	2348
267	2341
268	2213
269	2089
270	1858
271	1731
272	1607
273	1677
274	1562
275	1517
276	1526
277	1499
278	1537
279	1483
280	1390
281	1269
282	1181
283	1114
284	1115
285	1088
286	1114
287	1140
288	1155
289	1308
290	1225
291	1260
292	1202
293	1145
294	963
295	868
296	951
297	989
298	1117
299	1275
300	1410
301	1381
302	1399
303	1275
304	1074
305	957
306	942
307	940
308	1064
309	1263
310	1339
311	1400
312	1497
313	1368
314	1266
315	1098
316	1057
317	1011
318	1014
319	1118
320	1243
321	1385
322	1501
323	1333
324	1319
325	1227
326	1066
327	1072
328	1053
329	1068
330	1091
331	1185
332	1219
333	1264
334	1115
335	1155
336	1073
337	1036
338	927
339	996
340	986
341	939
342	993
343	1005
344	935
345	922
346	941
347	913
348	924
349	910
350	790
351	809
352	740
353	748
354	696
355	684
356	680
357	683
358	778
359	689
360	637
361	691
362	574
363	571
364	540
365	563
366	547
367	590
368	558
369	572
370	564
371	484
372	450
373	448
374	417
375	390
376	420
377	377
378	373
379	420
380	422
381	383
382	390
383	365
384	341
385	323
386	284
387	281
388	264
389	299
390	293
391	307
392	261
393	275
394	258
395	235
396	188
397	197
398	216
399	236
400	198
401	189
402	182
403	188
404	176
405	161
406	126
407	170
408	141
409	122
410	141
411	162
412	193
413	186
414	183
415	198
416	127
417	112
418	123
419	109
420	109
421	121
422	94
423	116
424	123
425	110
426	98
427	92
428	84
429	128
430	75
431	88
432	81
433	87
434	95
435	86
436	95
437	61
438	77
439	88
440	70
441	84
442	62
443	68
444	88
445	79
446	72
447	76
448	78
449	101
450	84
451	84
452	77
453	76
454	97
455	63
456	68
457	65
458	58
459	116
460	57
461	77
462	96
463	54
464	77
465	83
466	51
467	68
468	61
469	72
470	76
471	75
472	66
473	58
474	59
475	52
476	54
477	70
478	77
479	89
480	59
481	80
482	72
483	63
484	78
485	51
486	57
487	78
488	55
489	101
490	66
491	55
492	80
493	72
494	89
495	62
496	66
497	69
498	54
499	87
500	68
501	79
502	82
503	74
504	89
505	68
506	68
507	73
508	89
509	72
510	71
511	68
512	74
513	83
514	59
515	68
516	77
517	92
518	93
519	64
520	70
521	58
522	45
523	77
524	66
525	68
526	75
527	72
528	75
529	72
530	78
531	81
532	53
533	50
534	67
535	60
536	60
537	80
538	53
539	46
540	46
541	61
542	50
543	51
544	84
545	52
546	46
547	62
548	56
549	91
550	34
551	46
552	52
553	56
554	57
555	61
556	38
557	49
558	56
559	70
560	43
561	41
562	49
563	45
564	57
565	35
566	38
567	57
568	54
569	45
570	59
571	49
572	43
573	62
574	62
575	53
576	53
577	60
578	50
579	57
580	45
581	69
582	74
583	62
584	41
585	74
586	41
587	51
588	49
589	52
590	37
591	43
592	32
593	53
594	52
595	37
596	57
597	40
598	34
599	56
600	42
601	44
602	45
603	58
604	48
605	38
606	50
607	32
608	32
609	56
610	39
611	51
612	32
613	39
614	50
615	48
616	44
617	24
618	44
619	32
620	45
621	34
622	64
623	33
624	40
625	67
626	29
627	51
628	41
629	41
630	42
631	28
632	38
633	40
634	42
635	40
636	44
637	41
638	51
639	74
640	40
641	39
642	41
643	34
644	42
645	57
646	41
647	36
648	36
649	45
650	49
651	45
652	39
653	27
654	59
655	34
656	38
657	58
658	51
659	49
660	44
661	47
662	48
663	48
664	40
665	47
666	35
667	54
668	60
669	67
670	53
671	45
672	36
673	40
674	59
675	63
676	52
677	47
678	39
679	39
680	37
681	72
682	29
683	36
684	53
685	40
686	42
687	45
688	41
689	48
690	35
691	40
692	35
693	49
694	50
695	25
696	30
697	32
698	37
699	60
700	22
701	2
702	7
703	4
704	6
707	5
708	3
709	2
710	1
711	2
712	1
713	1
714	1
715	2
716	2
717	1
718	2
723	2
724	1
725	1
727	1
728	4
730	2
731	2
733	1
734	1
741	1
743	1
