22	2
23	9
24	9
25	26
26	165
27	184
28	645
29	1500
30	2367
31	2658
32	5168
33	5739
34	4576
35	4514
36	6046
37	6493
38	7910
39	15551
40	26840
41	50967
42	75862
43	83822
44	78536
45	63384
46	56366
47	32767
48	24361
49	27940
50	44518
51	71224
52	92861
53	105578
54	102316
55	88658
56	77085
57	46781
58	34165
59	36653
60	41345
61	64833
62	91991
63	116968
64	128759
65	113453
66	93976
67	73653
68	43732
69	39708
70	38099
71	54199
72	75210
73	480
74	1146
75	162009
76	191540
77	172211
78	56178
79	45137
80	42341
81	54707
82	60957
83	97216
84	97949
85	103090
86	107930
87	80178
88	62204
89	47847
90	42155
91	40613
92	53166
93	68630
94	103923
95	96917
96	99830
97	97043
98	68111
99	62554
100	51935
101	40434
102	44501
103	53302
104	98809
105	86886
106	99397
107	74208
108	69604
109	63567
110	48908
111	48947
112	42918
113	52368
114	61911
115	70487
116	82587
117	91297
118	80825
119	62523
120	50111
121	38708
122	38713
123	48084
124	59958
125	63094
126	69279
127	77727
128	71848
129	57243
130	55723
131	36903
132	41447
133	42838
134	49670
135	56696
136	60372
137	65580
138	70318
139	56624
140	57822
141	43228
142	42717
143	39373
144	39651
145	43713
146	53271
147	59818
148	61809
149	54916
150	59064
151	56732
152	37720
153	38687
154	33137
155	36539
156	48139
157	52085
158	49244
159	53776
160	46568
161	49398
162	42934
163	37506
164	34520
165	36076
166	43887
167	48226
168	51176
169	63500
170	43851
171	48120
172	37373
173	33342
174	32625
175	36473
176	35575
177	49051
178	40196
179	42315
180	62324
181	37566
182	39157
183	30545
184	24874
185	29545
186	29486
187	34259
188	35067
189	38492
190	39853
191	33023
192	30375
193	27040
194	27306
195	25053
196	23765
197	28695
198	27151
199	34989
200	34612
201	28098
202	25997
203	27722
204	27961
205	22343
206	24536
207	21985
208	25677
209	32389
210	23010
211	25615
212	24632
213	22086
214	23248
215	17048
216	19271
217	17812
218	19930
219	18602
220	21395
221	21640
222	21619
223	19718
224	18692
225	18892
226	19095
227	16564
228	17223
229	15529
230	15153
231	17978
232	17591
233	16885
234	16836
235	14535
236	13544
237	14041
238	13315
239	12851
240	14219
241	13091
242	14596
243	14882
244	12632
245	13076
246	13288
247	10320
248	9356
249	9493
250	11404
251	11879
252	11103
253	11121
254	12469
255	11566
256	12889
257	8949
258	11526
259	8966
260	8811
261	9004
262	8963
263	8553
264	9766
265	10402
266	8138
267	6991
268	6774
269	5733
270	6248
271	7863
272	6738
273	7122
274	8449
275	7955
276	7193
277	7088
278	6822
279	5416
280	4456
281	5475
282	5607
283	4606
284	6067
285	7517
286	4829
287	5643
288	4185
289	4116
290	4185
291	4337
292	4271
293	4110
294	4729
295	4485
296	4305
297	4633
298	5078
299	3931
300	3728
301	3499
302	3279
303	4320
304	3481
305	3524
306	3474
307	3233
308	3772
309	3101
310	3019
311	3321
312	2938
313	3314
314	2997
315	3360
316	2930
317	3454
318	2845
319	2690
320	2639
321	2566
322	2638
323	2919
324	2478
325	2298
326	2339
327	2544
328	2282
329	2554
330	2186
331	2158
332	2005
333	2134
334	2061
335	1967
336	1779
337	1873
338	1774
339	1928
340	2431
341	1776
342	1691
343	1534
344	1501
345	1674
346	1618
347	2088
348	1621
349	1433
350	1504
351	1489
352	1504
353	1272
354	1178
355	1133
356	1222
357	1215
358	1199
359	1266
360	1113
361	1150
362	1457
363	959
364	902
365	905
366	946
367	990
368	925
369	945
370	1055
371	845
372	768
373	831
374	880
375	765
376	671
377	792
378	802
379	749
380	700
381	715
382	895
383	742
384	613
385	580
386	549
387	731
388	597
389	523
390	496
391	520
392	538
393	554
394	478
395	455
396	407
397	422
398	407
399	474
400	469
401	417
402	420
403	342
404	370
405	406
406	355
407	298
408	282
409	313
410	291
411	382
412	376
413	371
414	348
415	344
416	259
417	274
418	211
419	284
420	259
421	213
422	227
423	276
424	259
425	165
426	235
427	220
428	223
429	261
430	203
431	176
432	192
433	194
434	190
435	196
436	157
437	151
438	172
439	205
440	132
441	156
442	137
443	156
444	165
445	142
446	138
447	179
448	126
449	145
450	130
451	122
452	138
453	178
454	145
455	109
456	132
457	132
458	100
459	166
460	101
461	92
462	104
463	117
464	123
465	130
466	99
467	92
468	89
469	130
470	95
471	106
472	87
473	108
474	112
475	95
476	93
477	110
478	79
479	97
480	87
481	84
482	94
483	116
484	89
485	86
486	87
487	74
488	71
489	127
490	90
491	68
492	78
493	75
494	98
495	78
496	65
497	73
498	65
499	104
500	81
501	72
502	72
503	87
504	97
505	102
506	54
507	75
508	106
509	115
510	71
511	99
512	65
513	90
514	77
515	52
516	67
517	85
518	81
519	110
520	71
521	79
522	82
523	105
524	86
525	68
526	86
527	60
528	80
529	133
530	83
531	89
532	48
533	66
534	56
535	69
536	54
537	74
538	61
539	77
540	46
541	86
542	53
543	65
544	56
545	39
546	59
547	62
548	59
549	65
550	46
551	56
552	43
553	46
554	57
555	53
556	44
557	37
558	64
559	64
560	54
561	79
562	38
563	46
564	47
565	50
566	28
567	55
568	29
569	68
570	41
571	44
572	37
573	66
574	68
575	55
576	57
577	43
578	46
579	83
580	49
581	31
582	44
583	48
584	58
585	66
586	43
587	44
588	32
589	48
590	30
591	59
592	40
593	39
594	56
595	33
596	41
597	71
598	46
599	54
600	23
601	33
602	35
603	62
604	52
605	23
606	46
607	26
608	42
609	83
610	35
611	19
612	33
613	43
614	49
615	52
616	41
617	25
618	37
619	69
620	30
621	69
622	50
623	34
624	52
625	38
626	60
627	66
628	54
629	53
630	47
631	36
632	31
633	48
634	35
635	45
636	34
637	31
638	28
639	74
640	35
641	31
642	27
643	45
644	57
645	51
646	41
647	59
648	37
649	67
650	34
651	60
652	41
653	44
654	48
655	18
656	32
657	50
658	34
659	68
660	25
661	38
662	42
663	67
664	56
665	53
666	37
667	41
668	28
669	75
670	36
671	32
672	39
673	46
674	44
675	40
676	30
677	33
678	45
679	43
680	46
681	51
682	38
683	51
684	33
685	38
686	28
687	50
688	44
689	38
690	47
691	34
692	43
693	63
694	37
695	29
696	24
697	29
698	25
699	56
700	39
701	7
702	2
703	15
704	8
705	14
706	9
707	10
708	4
709	3
710	2
711	1
712	1
713	7
714	10
715	3
716	4
717	4
718	2
719	2
720	4
721	1
722	1
723	4
724	6
725	3
728	3
729	1
730	4
731	2
733	4
735	4
737	1
739	1
742	2
743	1
744	2
745	2
747	1
