22	10
23	18
24	22
25	40
26	118
27	202
28	545
29	1082
30	1334
31	1782
32	3290
33	4309
34	4190
35	5343
36	6307
37	6018
38	7092
39	13317
40	27723
41	45840
42	64893
43	73978
44	69577
45	51207
46	31796
47	18359
48	11665
49	15419
50	25848
51	41841
52	60760
53	66377
54	66029
55	54936
56	36340
57	22927
58	12827
59	12664
60	17189
61	27954
62	42748
63	54805
64	59286
65	50016
66	34829
67	21689
68	12643
69	9897
70	11517
71	17186
72	25714
73	229
74	568
75	56655
76	58614
77	45397
78	12969
79	8822
80	8004
81	10538
82	14394
83	20590
84	25135
85	26118
86	22271
87	17545
88	10651
89	7842
90	6167
91	6712
92	8734
93	11830
94	15167
95	17199
96	16120
97	13194
98	9487
99	6765
100	5132
101	4849
102	5473
103	7528
104	9752
105	12343
106	11598
107	10376
108	8147
109	5978
110	4581
111	3977
112	3960
113	5041
114	6384
115	7693
116	8478
117	8140
118	7085
119	5767
120	4794
121	4111
122	3820
123	4009
124	5144
125	6056
126	6813
127	7510
128	8010
129	7477
130	9185
131	11330
132	9041
133	6867
134	6201
135	6594
136	7897
137	13069
138	17639
139	15704
140	19177
141	26658
142	25454
143	19218
144	16175
145	15778
146	16817
147	19853
148	22774
149	20877
150	21551
151	26330
152	31580
153	35775
154	39198
155	43197
156	47647
157	50037
158	46517
159	37306
160	28482
161	27484
162	33285
163	43458
164	54540
165	71308
166	87021
167	97105
168	88877
169	67744
170	47204
171	36025
172	34548
173	41302
174	53633
175	70236
176	86348
177	96756
178	93464
179	78552
180	59500
181	45644
182	38973
183	39547
184	44440
185	53782
186	63519
187	72939
188	76215
189	69291
190	59902
191	49231
192	43369
193	40699
194	40849
195	44364
196	49010
197	54128
198	56936
199	56095
200	52286
201	46397
202	41655
203	39531
204	38214
205	38831
206	39293
207	40620
208	41475
209	41593
210	39760
211	37688
212	35467
213	34311
214	32364
215	31851
216	31308
217	29920
218	30059
219	29674
220	28606
221	27856
222	26649
223	25804
224	25297
225	23957
226	22836
227	22211
228	20738
229	20230
230	19839
231	18678
232	18738
233	18261
234	17606
235	17499
236	16470
237	15080
238	14085
239	13614
240	13158
241	12311
242	12400
243	11931
244	11894
245	11550
246	10705
247	10566
248	9808
249	8863
250	8394
251	8016
252	8021
253	7632
254	7599
255	7449
256	7110
257	6842
258	6265
259	5658
260	5378
261	5204
262	4930
263	4683
264	4778
265	4737
266	4635
267	4361
268	4310
269	3874
270	3834
271	3403
272	3326
273	3233
274	3187
275	2920
276	3154
277	3019
278	3077
279	3059
280	3004
281	2796
282	2615
283	2544
284	2238
285	2397
286	2462
287	2470
288	2805
289	2979
290	3065
291	3074
292	2999
293	2620
294	2501
295	2249
296	2142
297	2507
298	2849
299	3426
300	3809
301	4204
302	4152
303	3799
304	3327
305	2964
306	2704
307	2709
308	3037
309	3485
310	4092
311	4776
312	4915
313	4846
314	4506
315	4045
316	3500
317	3333
318	3319
319	3876
320	4344
321	5014
322	5484
323	5643
324	5302
325	4992
326	4577
327	4191
328	3882
329	3953
330	4263
331	4710
332	5304
333	5264
334	5335
335	5136
336	4846
337	4729
338	4396
339	4308
340	4243
341	4149
342	4451
343	4509
344	4634
345	4720
346	4688
347	4625
348	4263
349	4186
350	4126
351	3908
352	3816
353	3748
354	4053
355	3999
356	3942
357	3814
358	3975
359	4042
360	3717
361	3475
362	3335
363	3314
364	3230
365	3071
366	3058
367	3093
368	3078
369	3318
370	3064
371	3013
372	2616
373	2602
374	2387
375	2435
376	2357
377	2270
378	2413
379	2369
380	2404
381	2297
382	2210
383	1935
384	1968
385	1828
386	1790
387	1757
388	1825
389	1724
390	1800
391	1645
392	1648
393	1559
394	1467
395	1404
396	1316
397	1187
398	1227
399	1260
400	1276
401	1192
402	1144
403	1096
404	1142
405	1007
406	1011
407	911
408	912
409	862
410	760
411	860
412	797
413	761
414	734
415	670
416	648
417	668
418	561
419	583
420	501
421	538
422	581
423	541
424	531
425	467
426	468
427	388
428	409
429	384
430	360
431	383
432	382
433	379
434	341
435	334
436	291
437	293
438	287
439	251
440	288
441	250
442	245
443	281
444	252
445	248
446	257
447	199
448	197
449	216
450	234
451	190
452	217
453	206
454	226
455	183
456	184
457	193
458	174
459	175
460	173
461	152
462	218
463	172
464	176
465	187
466	173
467	140
468	172
469	154
470	164
471	138
472	139
473	161
474	134
475	113
476	149
477	142
478	138
479	143
480	124
481	146
482	124
483	137
484	130
485	137
486	123
487	133
488	139
489	139
490	142
491	141
492	141
493	143
494	154
495	125
496	122
497	119
498	127
499	152
500	121
501	128
502	124
503	118
504	127
505	129
506	104
507	117
508	152
509	157
510	129
511	134
512	130
513	141
514	122
515	128
516	107
517	121
518	144
519	102
520	141
521	94
522	111
523	145
524	73
525	125
526	103
527	131
528	114
529	101
530	114
531	84
532	94
533	88
534	88
535	90
536	90
537	95
538	89
539	89
540	112
541	90
542	76
543	76
544	87
545	62
546	75
547	83
548	101
549	99
550	63
551	55
552	63
553	59
554	78
555	77
556	67
557	62
558	67
559	77
560	80
561	52
562	64
563	66
564	47
565	59
566	62
567	65
568	57
569	66
570	39
571	53
572	41
573	58
574	39
575	50
576	37
577	39
578	41
579	50
580	44
581	43
582	71
583	36
584	59
585	56
586	48
587	32
588	42
589	43
590	42
591	38
592	34
593	24
594	48
595	37
596	32
597	45
598	34
599	38
600	36
601	19
602	32
603	29
604	51
605	40
606	27
607	30
608	24
609	36
610	42
611	27
612	18
613	37
614	28
615	26
616	47
617	31
618	28
619	30
620	24
621	33
622	24
623	26
624	29
625	30
626	25
627	30
628	25
629	28
630	28
631	27
632	24
633	42
634	17
635	32
636	35
637	16
638	16
639	47
640	15
641	28
642	20
643	29
644	27
645	43
646	37
647	16
648	16
649	27
650	34
651	26
652	24
653	11
654	43
655	23
656	36
657	20
658	14
659	35
660	23
661	28
662	32
663	29
664	18
665	19
666	25
667	19
668	26
669	31
670	22
671	28
672	32
673	38
674	29
675	35
676	21
677	21
678	40
679	42
680	32
681	30
682	19
683	21
684	33
685	27
686	26
687	40
688	19
689	29
690	24
691	24
692	28
693	52
694	24
695	27
696	23
697	22
698	38
699	31
700	25
701	6
702	1
703	1
704	5
706	4
707	2
710	1
713	1
722	7
723	1
729	1
734	1
736	2
739	1
