22	4
23	46
24	20
25	59
26	267
27	509
28	1269
29	2538
30	3327
31	4162
32	7454
33	8513
34	7902
35	9465
36	14926
37	15049
38	18954
39	34374
40	60466
41	102284
42	143267
43	146563
44	145624
45	114443
46	88041
47	57428
48	43247
49	49099
50	75640
51	109781
52	140155
53	151534
54	151884
55	125440
56	96771
57	70786
58	47623
59	51427
60	59927
61	91320
62	125388
63	152928
64	166348
65	144138
66	112562
67	81834
68	54767
69	47966
70	50790
71	72844
72	98221
73	632
74	1658
75	197549
76	231819
77	197971
78	65234
79	50115
80	46371
81	60898
82	74668
83	103681
84	116101
85	115472
86	111720
87	85598
88	62409
89	47097
90	40519
91	44242
92	58526
93	74820
94	101628
95	97489
96	96731
97	87085
98	62456
99	52721
100	41700
101	36850
102	41744
103	54263
104	82021
105	85606
106	91211
107	71344
108	60843
109	48116
110	39373
111	36005
112	35077
113	42866
114	53512
115	62976
116	72230
117	71431
118	59781
119	47536
120	36422
121	30551
122	29225
123	35405
124	44353
125	49444
126	57167
127	59495
128	53919
129	44842
130	37889
131	27849
132	27923
133	28733
134	32714
135	39543
136	45730
137	48034
138	48670
139	40078
140	36336
141	30058
142	25747
143	26264
144	28072
145	32163
146	35957
147	40738
148	42440
149	37614
150	35708
151	32661
152	25018
153	25916
154	26119
155	28939
156	35321
157	36867
158	35658
159	34730
160	29282
161	28627
162	24552
163	25282
164	25636
165	29787
166	34808
167	36132
168	37848
169	34595
170	27404
171	25926
172	21374
173	21544
174	22825
175	26224
176	28647
177	32257
178	30785
179	28500
180	29038
181	21730
182	19458
183	18006
184	17083
185	18705
186	20286
187	22399
188	22987
189	24148
190	22668
191	19432
192	16859
193	14605
194	14183
195	13883
196	14400
197	16367
198	17039
199	18943
200	17704
201	15242
202	13883
203	12292
204	12365
205	10714
206	11575
207	11012
208	11623
209	14372
210	12201
211	12325
212	11029
213	10155
214	9190
215	7864
216	8084
217	7913
218	8160
219	8622
220	8686
221	9235
222	8296
223	7352
224	6904
225	6473
226	6260
227	5883
228	5947
229	5657
230	5809
231	6292
232	6292
233	5670
234	5124
235	4708
236	4355
237	4240
238	4073
239	4117
240	4543
241	4299
242	4418
243	4304
244	3973
245	3514
246	3429
247	2957
248	2777
249	2979
250	2817
251	3169
252	3012
253	3023
254	3017
255	2760
256	2574
257	2216
258	2312
259	2017
260	1933
261	2039
262	2068
263	1981
264	1878
265	1986
266	1731
267	1668
268	1448
269	1472
270	1379
271	1339
272	1406
273	1491
274	1481
275	1427
276	1309
277	1298
278	1266
279	1141
280	1071
281	1074
282	1012
283	1040
284	1063
285	1078
286	935
287	1074
288	888
289	894
290	810
291	850
292	744
293	776
294	831
295	819
296	855
297	947
298	837
299	877
300	823
301	743
302	690
303	727
304	710
305	692
306	570
307	626
308	720
309	827
310	705
311	694
312	663
313	604
314	620
315	577
316	519
317	570
318	554
319	653
320	655
321	697
322	563
323	564
324	559
325	441
326	492
327	502
328	483
329	598
330	493
331	563
332	510
333	473
334	508
335	483
336	417
337	406
338	389
339	462
340	409
341	479
342	406
343	346
344	387
345	382
346	366
347	344
348	331
349	356
350	315
351	356
352	303
353	266
354	307
355	291
356	255
357	269
358	284
359	264
360	241
361	246
362	208
363	244
364	223
365	202
366	224
367	170
368	176
369	234
370	190
371	179
372	182
373	177
374	178
375	173
376	160
377	145
378	154
379	177
380	129
381	143
382	159
383	142
384	193
385	124
386	131
387	117
388	124
389	157
390	114
391	134
392	107
393	117
394	132
395	92
396	101
397	77
398	76
399	138
400	100
401	115
402	85
403	102
404	113
405	96
406	85
407	100
408	86
409	113
410	101
411	154
412	163
413	158
414	165
415	229
416	109
417	89
418	75
419	98
420	62
421	54
422	62
423	83
424	90
425	59
426	75
427	64
428	68
429	112
430	61
431	63
432	61
433	54
434	83
435	66
436	80
437	59
438	50
439	84
440	35
441	74
442	57
443	58
444	66
445	63
446	63
447	66
448	65
449	87
450	41
451	49
452	54
453	73
454	89
455	51
456	76
457	61
458	53
459	97
460	61
461	40
462	65
463	47
464	79
465	76
466	60
467	40
468	60
469	80
470	36
471	49
472	53
473	50
474	83
475	45
476	62
477	53
478	55
479	71
480	53
481	63
482	50
483	69
484	76
485	36
486	36
487	63
488	67
489	91
490	49
491	42
492	41
493	52
494	84
495	49
496	47
497	48
498	66
499	98
500	46
501	47
502	40
503	61
504	68
505	67
506	69
507	49
508	61
509	97
510	59
511	93
512	45
513	65
514	67
515	47
516	48
517	61
518	44
519	72
520	49
521	59
522	45
523	50
524	68
525	50
526	44
527	38
528	46
529	99
530	54
531	66
532	47
533	47
534	56
535	57
536	42
537	46
538	36
539	58
540	24
541	76
542	75
543	46
544	68
545	56
546	47
547	61
548	52
549	82
550	40
551	35
552	31
553	55
554	70
555	49
556	43
557	46
558	50
559	67
560	44
561	47
562	42
563	52
564	74
565	33
566	37
567	50
568	44
569	60
570	35
571	33
572	38
573	50
574	57
575	47
576	29
577	31
578	55
579	56
580	46
581	46
582	85
583	52
584	79
585	56
586	59
587	59
588	43
589	57
590	27
591	45
592	58
593	40
594	61
595	36
596	41
597	47
598	53
599	73
600	43
601	35
602	39
603	62
604	80
605	29
606	36
607	37
608	36
609	66
610	33
611	25
612	34
613	39
614	68
615	44
616	53
617	36
618	49
619	46
620	25
621	54
622	64
623	50
624	57
625	42
626	44
627	54
628	46
629	52
630	34
631	39
632	40
633	48
634	55
635	23
636	44
637	31
638	62
639	64
640	42
641	34
642	53
643	33
644	55
645	51
646	35
647	54
648	33
649	54
650	26
651	46
652	52
653	39
654	50
655	28
656	39
657	68
658	44
659	57
660	26
661	53
662	45
663	49
664	58
665	42
666	53
667	43
668	57
669	60
670	33
671	37
672	23
673	46
674	59
675	40
676	41
677	25
678	46
679	49
680	29
681	49
682	27
683	64
684	33
685	52
686	33
687	40
688	57
689	34
690	39
691	35
692	36
693	42
694	45
695	36
696	34
697	24
698	18
699	45
700	25
701	4
702	10
703	10
704	12
705	16
706	9
707	5
708	7
709	10
710	7
711	6
712	3
713	3
714	6
715	8
716	8
717	1
718	4
721	4
722	1
723	2
724	2
725	1
726	1
727	1
728	2
729	3
730	2
731	1
732	2
734	1
735	5
738	4
743	1
745	1
748	1
