22	4
23	30
24	4
25	36
26	76
27	169
28	329
29	790
30	1019
31	1636
32	2577
33	3841
34	3680
35	4783
36	5753
37	5262
38	6253
39	11999
40	23017
41	39206
42	54961
43	61515
44	59418
45	45041
46	29042
47	16626
48	11010
49	13627
50	21948
51	34631
52	51029
53	55547
54	54507
55	44643
56	30771
57	19536
58	10993
59	10578
60	14150
61	22446
62	34610
63	44186
64	48010
65	41068
66	28051
67	17434
68	10533
69	8163
70	8565
71	12906
72	20252
73	153
74	367
75	46994
76	45686
77	35355
78	10806
79	7110
80	6772
81	8561
82	11357
83	15713
84	19576
85	20369
86	17459
87	13599
88	9158
89	6357
90	4787
91	5072
92	6525
93	8981
94	11648
95	13495
96	13107
97	10821
98	7533
99	5525
100	4101
101	3840
102	4341
103	5464
104	7832
105	8957
106	9164
107	8470
108	6460
109	4896
110	3926
111	3178
112	3168
113	3648
114	5190
115	6244
116	6845
117	6908
118	6043
119	4706
120	3926
121	3565
122	3383
123	3109
124	4219
125	4924
126	5670
127	6404
128	6327
129	6541
130	7717
131	9114
132	7994
133	5486
134	5285
135	5596
136	6527
137	10349
138	14077
139	12727
140	15729
141	21276
142	20238
143	15474
144	13681
145	12507
146	13698
147	16355
148	18241
149	16855
150	16568
151	20442
152	26100
153	28558
154	31243
155	34459
156	36635
157	39481
158	36360
159	29207
160	22700
161	22174
162	26836
163	35160
164	44488
165	56872
166	69128
167	75523
168	69283
169	52701
170	37140
171	28884
172	27942
173	33800
174	43769
175	56545
176	68733
177	76226
178	72509
179	60275
180	47383
181	36278
182	31594
183	31928
184	36486
185	42321
186	50832
187	56129
188	59277
189	54046
190	46666
191	39325
192	34322
193	31688
194	33126
195	35689
196	38567
197	41713
198	44533
199	42667
200	41161
201	36453
202	33094
203	31163
204	29987
205	30045
206	31778
207	31757
208	32167
209	31559
210	30453
211	30087
212	27835
213	26623
214	26056
215	24219
216	23927
217	23541
218	22844
219	22862
220	22003
221	20585
222	20477
223	19593
224	19560
225	18633
226	18080
227	16884
228	15961
229	15682
230	15031
231	14582
232	13878
233	13796
234	13393
235	13286
236	12256
237	11588
238	10915
239	10196
240	9560
241	9054
242	8911
243	8970
244	8459
245	8433
246	8008
247	7536
248	6824
249	6530
250	6125
251	5660
252	5628
253	5435
254	5556
255	5427
256	5110
257	4876
258	4427
259	4442
260	3792
261	3671
262	3395
263	3548
264	3251
265	3408
266	3174
267	3263
268	3062
269	2754
270	2638
271	2442
272	2349
273	2191
274	2233
275	2208
276	2231
277	2246
278	2104
279	2013
280	1929
281	1939
282	1720
283	1594
284	1569
285	1583
286	1676
287	1669
288	1766
289	1867
290	1998
291	1935
292	1844
293	1668
294	1581
295	1418
296	1410
297	1700
298	1727
299	2053
300	2276
301	2411
302	2424
303	2275
304	1941
305	1698
306	1525
307	1670
308	1905
309	2203
310	2540
311	2823
312	3043
313	2977
314	2662
315	2246
316	1935
317	1939
318	2144
319	2345
320	2741
321	2928
322	3283
323	3368
324	3113
325	2926
326	2552
327	2317
328	2243
329	2514
330	2631
331	2769
332	3080
333	3009
334	3133
335	3033
336	2849
337	2642
338	2542
339	2463
340	2554
341	2513
342	2649
343	2727
344	2770
345	2773
346	2659
347	2795
348	2554
349	2509
350	2282
351	2381
352	2254
353	2169
354	2249
355	2195
356	2250
357	2287
358	2307
359	2131
360	2199
361	2004
362	1944
363	1823
364	1702
365	1729
366	1827
367	1750
368	1777
369	1871
370	1792
371	1528
372	1580
373	1509
374	1387
375	1385
376	1299
377	1338
378	1330
379	1443
380	1362
381	1410
382	1213
383	1094
384	1045
385	1010
386	1017
387	1015
388	1016
389	1006
390	914
391	933
392	797
393	838
394	795
395	660
396	740
397	648
398	616
399	607
400	740
401	704
402	633
403	620
404	605
405	493
406	463
407	472
408	483
409	435
410	468
411	424
412	439
413	407
414	380
415	388
416	329
417	353
418	356
419	327
420	302
421	248
422	288
423	277
424	223
425	223
426	222
427	233
428	205
429	214
430	186
431	210
432	174
433	180
434	171
435	187
436	172
437	162
438	149
439	119
440	116
441	185
442	114
443	121
444	134
445	126
446	106
447	112
448	96
449	91
450	88
451	98
452	113
453	110
454	85
455	65
456	88
457	97
458	60
459	91
460	75
461	59
462	92
463	71
464	67
465	89
466	70
467	61
468	56
469	78
470	70
471	76
472	71
473	59
474	69
475	64
476	66
477	67
478	55
479	79
480	74
481	76
482	89
483	57
484	83
485	59
486	67
487	51
488	49
489	80
490	58
491	58
492	49
493	62
494	69
495	55
496	61
497	56
498	68
499	76
500	74
501	54
502	73
503	53
504	66
505	71
506	48
507	57
508	91
509	61
510	76
511	83
512	65
513	51
514	44
515	51
516	48
517	96
518	81
519	69
520	88
521	53
522	59
523	62
524	71
525	74
526	56
527	55
528	53
529	71
530	44
531	45
532	41
533	51
534	45
535	53
536	61
537	46
538	47
539	50
540	35
541	53
542	36
543	33
544	27
545	42
546	48
547	45
548	38
549	44
550	29
551	28
552	36
553	47
554	42
555	37
556	32
557	36
558	31
559	44
560	35
561	41
562	13
563	31
564	35
565	33
566	21
567	27
568	36
569	32
570	21
571	23
572	35
573	31
574	32
575	14
576	21
577	23
578	39
579	39
580	18
581	32
582	17
583	30
584	30
585	37
586	18
587	19
588	25
589	18
590	30
591	20
592	16
593	16
594	36
595	19
596	26
597	25
598	24
599	34
600	21
601	18
602	12
603	20
604	30
605	14
606	24
607	8
608	16
609	17
610	13
611	23
612	7
613	12
614	28
615	25
616	30
617	23
618	23
619	16
620	9
621	25
622	26
623	13
624	22
625	15
626	19
627	25
628	25
629	23
630	10
631	17
632	19
633	18
634	11
635	10
636	7
637	14
638	14
639	22
640	17
641	16
642	12
643	17
644	23
645	19
646	21
647	20
648	21
649	22
650	26
651	17
652	23
653	17
654	18
655	10
656	25
657	27
658	19
659	14
660	6
661	14
662	18
663	19
664	12
665	17
666	15
667	17
668	11
669	34
670	15
671	14
672	11
673	16
674	22
675	25
676	5
677	7
678	9
679	22
680	13
681	29
682	20
683	16
684	12
685	18
686	9
687	16
688	22
689	16
690	15
691	24
692	37
693	24
694	21
695	21
696	13
697	22
698	10
699	19
700	14
701	2
702	1
704	10
705	1
707	1
708	3
710	1
711	2
712	1
713	1
714	1
719	1
722	3
724	1
725	2
735	1
759	1
