22	2
23	9
24	13
25	27
26	84
27	142
28	336
29	743
30	987
31	1131
32	2207
33	2721
34	2848
35	3731
36	5049
37	4600
38	5384
39	10067
40	18554
41	30186
42	41674
43	45390
44	43747
45	32335
46	22134
47	13247
48	9183
49	11339
50	18399
51	28745
52	40541
53	43395
54	42598
55	35441
56	24934
57	16719
58	10107
59	10486
60	13625
61	21576
62	31594
63	40186
64	42968
65	37084
66	27241
67	17809
68	11668
69	9200
70	10227
71	15144
72	21830
73	175
74	595
75	48975
76	49727
77	41497
78	13038
79	9224
80	8589
81	11630
82	15290
83	21157
84	24822
85	25381
86	23314
87	17633
88	11991
89	8745
90	7196
91	7681
92	10663
93	14250
94	19724
95	19820
96	18501
97	17054
98	12333
99	9800
100	7142
101	6385
102	7800
103	10182
104	15003
105	16143
106	16601
107	13904
108	11389
109	9044
110	7131
111	6144
112	6389
113	7873
114	9838
115	12148
116	13911
117	13618
118	11281
119	8592
120	7073
121	5792
122	5689
123	6621
124	8413
125	9929
126	11364
127	12022
128	11181
129	9274
130	9358
131	8126
132	7223
133	7031
134	7280
135	9462
136	10847
137	12948
138	14494
139	12265
140	12441
141	12984
142	12403
143	11272
144	11289
145	12362
146	13378
147	16260
148	17116
149	15452
150	15069
151	15589
152	16906
153	18892
154	21375
155	23975
156	27477
157	28691
158	26863
159	22687
160	18205
161	17762
162	19730
163	24481
164	30148
165	38292
166	47046
167	51910
168	48696
169	38545
170	27829
171	22453
172	21148
173	24415
174	30360
175	39489
176	47738
177	52867
178	50414
179	42672
180	35316
181	27107
182	24230
183	24354
184	27003
185	32979
186	38371
187	43639
188	45127
189	41636
190	36143
191	30205
192	26956
193	25944
194	26392
195	29247
196	32155
197	35519
198	37896
199	37529
200	34208
201	30652
202	27571
203	26412
204	26749
205	27418
206	28656
207	29829
208	31048
209	31124
210	30059
211	28087
212	26522
213	25706
214	24603
215	24223
216	24543
217	24989
218	25396
219	25452
220	25165
221	24034
222	22806
223	22309
224	21556
225	21537
226	21010
227	20641
228	20558
229	20429
230	19994
231	19712
232	19452
233	18723
234	18266
235	17827
236	16951
237	16610
238	15999
239	15730
240	16216
241	15323
242	15549
243	15007
244	14775
245	14402
246	13922
247	13141
248	12675
249	12410
250	12099
251	12029
252	11973
253	11747
254	11618
255	11267
256	11066
257	10398
258	10038
259	9392
260	9260
261	9391
262	9290
263	9151
264	9180
265	8897
266	8585
267	8201
268	7951
269	7448
270	7512
271	7466
272	7283
273	7423
274	7162
275	7231
276	7110
277	6854
278	6812
279	6673
280	6396
281	6498
282	6536
283	6414
284	6419
285	5995
286	6050
287	6195
288	6055
289	6381
290	6513
291	6686
292	6646
293	6354
294	6138
295	6077
296	5491
297	5906
298	6203
299	6808
300	7215
301	7680
302	7540
303	7257
304	6668
305	6243
306	5968
307	5946
308	6330
309	6531
310	7178
311	7620
312	7906
313	7966
314	7733
315	7300
316	6814
317	6639
318	6711
319	6880
320	7261
321	7732
322	8295
323	8498
324	8428
325	8279
326	7680
327	7530
328	7298
329	7447
330	7450
331	7688
332	7915
333	8033
334	8616
335	8384
336	8373
337	8171
338	7864
339	7688
340	7653
341	7416
342	7669
343	7587
344	7632
345	8092
346	8200
347	8304
348	8085
349	7857
350	7666
351	7494
352	7196
353	7171
354	7126
355	7341
356	7545
357	7711
358	7834
359	7756
360	7464
361	7212
362	6956
363	6690
364	6546
365	6602
366	6872
367	6985
368	7024
369	7152
370	7190
371	6774
372	6479
373	6095
374	5778
375	5825
376	5855
377	5949
378	6097
379	6153
380	6277
381	6143
382	5838
383	5591
384	5133
385	5110
386	4981
387	5179
388	5272
389	5373
390	5184
391	5366
392	5051
393	4889
394	4619
395	4499
396	4336
397	4315
398	4265
399	4540
400	4398
401	4500
402	4456
403	4190
404	3868
405	3788
406	3769
407	3626
408	3677
409	3541
410	3653
411	3735
412	3590
413	3439
414	3353
415	3171
416	3019
417	2854
418	2903
419	2865
420	2999
421	2984
422	2946
423	2881
424	2845
425	2594
426	2523
427	2370
428	2333
429	2380
430	2365
431	2366
432	2408
433	2301
434	2254
435	2205
436	2069
437	1982
438	1917
439	1889
440	1922
441	1917
442	1846
443	1922
444	1879
445	1858
446	1814
447	1700
448	1570
449	1633
450	1533
451	1595
452	1664
453	1620
454	1578
455	1538
456	1484
457	1443
458	1342
459	1332
460	1423
461	1355
462	1409
463	1414
464	1435
465	1394
466	1305
467	1282
468	1187
469	1205
470	1175
471	1213
472	1235
473	1288
474	1308
475	1256
476	1223
477	1134
478	1097
479	1138
480	1049
481	1122
482	1129
483	1058
484	1155
485	1156
486	1106
487	1119
488	1073
489	997
490	955
491	986
492	1029
493	1054
494	1027
495	987
496	1007
497	1021
498	1013
499	982
500	1037
501	927
502	904
503	957
504	953
505	988
506	994
507	1055
508	949
509	884
510	880
511	862
512	873
513	873
514	873
515	942
516	913
517	936
518	875
519	855
520	813
521	775
522	830
523	835
524	722
525	794
526	819
527	785
528	803
529	852
530	761
531	752
532	693
533	717
534	767
535	691
536	732
537	756
538	688
539	761
540	686
541	775
542	694
543	665
544	637
545	657
546	621
547	683
548	604
549	672
550	650
551	614
552	615
553	610
554	549
555	587
556	571
557	575
558	580
559	561
560	557
561	554
562	483
563	501
564	450
565	478
566	504
567	497
568	506
569	516
570	550
571	473
572	460
573	439
574	415
575	443
576	411
577	424
578	359
579	418
580	428
581	406
582	397
583	361
584	389
585	388
586	344
587	342
588	404
589	350
590	344
591	339
592	368
593	331
594	315
595	337
596	300
597	301
598	303
599	322
600	312
601	268
602	279
603	273
604	312
605	247
606	232
607	248
608	239
609	255
610	240
611	256
612	250
613	225
614	240
615	227
616	215
617	229
618	196
619	221
620	208
621	219
622	195
623	211
624	196
625	180
626	183
627	202
628	194
629	179
630	172
631	174
632	157
633	185
634	133
635	136
636	160
637	165
638	141
639	156
640	155
641	129
642	176
643	133
644	176
645	131
646	130
647	118
648	114
649	127
650	125
651	142
652	133
653	128
654	124
655	97
656	136
657	111
658	101
659	102
660	110
661	118
662	96
663	120
664	116
665	122
666	114
667	100
668	82
669	97
670	96
671	107
672	91
673	70
674	93
675	99
676	92
677	90
678	90
679	86
680	69
681	70
682	91
683	108
684	81
685	79
686	75
687	95
688	78
689	83
690	74
691	84
692	67
693	64
694	64
695	78
696	57
697	67
698	56
699	80
700	49
701	5
702	3
703	2
704	3
705	2
708	1
709	1
713	1
714	1
715	1
716	1
717	1
718	2
723	1
725	1
726	1
730	2
733	1
737	1
746	1
