22	5
23	89
24	69
25	211
26	974
27	1548
28	3556
29	6585
30	8393
31	10299
32	17464
33	21431
34	19994
35	25064
36	35927
37	33691
38	41840
39	67960
40	121353
41	191760
42	264096
43	282458
44	267549
45	207588
46	153697
47	97483
48	75882
49	83413
50	123927
51	186915
52	249716
53	280901
54	273043
55	220430
56	164679
57	112568
58	76344
59	78492
60	91880
61	137366
62	193725
63	240585
64	258816
65	223088
66	165455
67	119371
68	78172
69	66841
70	70576
71	95381
72	129433
73	746
74	2548
75	281121
76	286985
77	240868
78	82710
79	62110
80	55862
81	69236
82	84206
83	110827
84	127661
85	130284
86	121652
87	93084
88	67324
89	51215
90	43249
91	43405
92	53880
93	69029
94	89411
95	89733
96	87389
97	75022
98	55571
99	45780
100	36793
101	31131
102	34170
103	41502
104	57553
105	63604
106	65193
107	52711
108	44752
109	35049
110	28395
111	25144
112	23663
113	27417
114	33422
115	37669
116	42777
117	40810
118	34872
119	28622
120	22114
121	18609
122	17015
123	19417
124	23100
125	25058
126	27951
127	29777
128	25742
129	23007
130	19327
131	15802
132	15336
133	14214
134	14957
135	17755
136	19400
137	21937
138	22396
139	19223
140	18940
141	17285
142	15594
143	13947
144	13913
145	14472
146	15866
147	17523
148	19259
149	16678
150	16319
151	16654
152	15262
153	16065
154	16657
155	18254
156	20142
157	20403
158	19090
159	17033
160	13961
161	13894
162	14384
163	16225
164	18955
165	22972
166	26801
167	27548
168	25287
169	19888
170	14710
171	12673
172	11894
173	13079
174	15948
175	19596
176	22095
177	23294
178	21310
179	17886
180	14322
181	11323
182	9945
183	10104
184	10744
185	12069
186	13633
187	14652
188	14489
189	13292
190	11759
191	9840
192	8562
193	8054
194	8191
195	8552
196	9173
197	9773
198	9741
199	9406
200	8602
201	7563
202	6743
203	6414
204	6417
205	6294
206	6321
207	6320
208	6372
209	6489
210	5816
211	5439
212	5278
213	5117
214	4597
215	4469
216	4332
217	4169
218	4171
219	4131
220	3971
221	3802
222	3691
223	3471
224	3299
225	3233
226	3052
227	2894
228	2761
229	2717
230	2597
231	2654
232	2483
233	2335
234	2249
235	2091
236	2052
237	2016
238	1847
239	1771
240	1640
241	1662
242	1655
243	1684
244	1487
245	1529
246	1360
247	1278
248	1258
249	1221
250	1088
251	1054
252	1085
253	1031
254	1053
255	1042
256	983
257	851
258	852
259	762
260	720
261	786
262	676
263	734
264	722
265	680
266	584
267	659
268	611
269	560
270	515
271	500
272	422
273	559
274	434
275	468
276	385
277	447
278	404
279	437
280	359
281	397
282	328
283	331
284	364
285	396
286	350
287	326
288	300
289	328
290	287
291	339
292	287
293	243
294	278
295	224
296	218
297	252
298	288
299	300
300	229
301	220
302	225
303	250
304	220
305	195
306	172
307	214
308	186
309	265
310	179
311	198
312	172
313	187
314	176
315	197
316	149
317	153
318	148
319	181
320	184
321	207
322	152
323	161
324	161
325	134
326	152
327	167
328	153
329	164
330	142
331	142
332	139
333	172
334	100
335	123
336	129
337	97
338	115
339	169
340	125
341	125
342	96
343	123
344	142
345	128
346	96
347	89
348	121
349	113
350	97
351	124
352	83
353	90
354	87
355	83
356	69
357	119
358	95
359	93
360	83
361	65
362	63
363	98
364	86
365	71
366	63
367	66
368	83
369	118
370	70
371	76
372	67
373	69
374	75
375	85
376	62
377	60
378	58
379	77
380	65
381	70
382	55
383	68
384	73
385	69
386	74
387	72
388	72
389	51
390	64
391	67
392	53
393	78
394	83
395	51
396	48
397	55
398	55
399	84
400	72
401	37
402	45
403	59
404	56
405	68
406	48
407	48
408	27
409	38
410	57
411	97
412	59
413	72
414	79
415	75
416	70
417	63
418	51
419	32
420	27
421	31
422	34
423	40
424	63
425	32
426	41
427	24
428	33
429	55
430	45
431	37
432	31
433	46
434	37
435	63
436	48
437	28
438	24
439	51
440	31
441	52
442	34
443	26
444	38
445	25
446	31
447	67
448	41
449	26
450	34
451	43
452	31
453	58
454	39
455	35
456	34
457	45
458	27
459	60
460	38
461	25
462	33
463	34
464	51
465	44
466	29
467	25
468	33
469	59
470	38
471	39
472	18
473	29
474	29
475	24
476	34
477	44
478	35
479	28
480	23
481	49
482	22
483	47
484	46
485	14
486	22
487	30
488	31
489	52
490	23
491	21
492	24
493	24
494	51
495	27
496	29
497	14
498	31
499	49
500	27
501	35
502	43
503	26
504	43
505	51
506	28
507	32
508	34
509	39
510	41
511	47
512	24
513	49
514	29
515	11
516	28
517	37
518	32
519	57
520	25
521	19
522	28
523	50
524	28
525	35
526	40
527	22
528	38
529	54
530	41
531	50
532	31
533	21
534	27
535	51
536	24
537	46
538	22
539	20
540	18
541	52
542	30
543	48
544	35
545	19
546	30
547	34
548	26
549	41
550	28
551	26
552	31
553	27
554	26
555	43
556	20
557	15
558	27
559	45
560	21
561	39
562	27
563	19
564	31
565	25
566	21
567	49
568	31
569	26
570	16
571	22
572	27
573	41
574	35
575	10
576	13
577	12
578	36
579	50
580	32
581	22
582	27
583	35
584	27
585	52
586	27
587	29
588	19
589	34
590	21
591	41
592	21
593	20
594	19
595	15
596	18
597	36
598	21
599	35
600	15
601	13
602	17
603	44
604	32
605	22
606	22
607	11
608	19
609	44
610	35
611	22
612	11
613	23
614	19
615	50
616	34
617	18
618	27
619	24
620	17
621	39
622	31
623	22
624	28
625	17
626	17
627	36
628	25
629	22
630	24
631	18
632	24
633	43
634	32
635	14
636	12
637	9
638	18
639	50
640	25
641	21
642	11
643	26
644	36
645	36
646	31
647	16
648	24
649	29
650	23
651	35
652	21
653	36
654	16
655	10
656	21
657	41
658	19
659	25
660	9
661	11
662	29
663	47
664	31
665	17
666	16
667	25
668	21
669	52
670	20
671	19
672	18
673	20
674	23
675	47
676	24
677	23
678	16
679	14
680	25
681	36
682	23
683	34
684	23
685	24
686	14
687	35
688	22
689	33
690	28
691	20
692	14
693	39
694	27
695	16
696	16
697	25
698	14
699	38
700	19
702	3
703	6
704	2
705	2
706	3
707	2
708	2
710	5
711	1
713	2
714	2
715	2
716	1
718	2
722	1
723	2
726	3
727	1
730	1
733	1
735	1
738	1
747	1
