23	7
24	12
25	37
26	70
27	131
28	390
29	1006
30	1783
31	2386
32	4479
33	5581
34	5606
35	6396
36	8077
37	6187
38	7381
39	16123
40	33479
41	62374
42	90810
43	100911
44	103918
45	81126
46	56876
47	29346
48	20100
49	24199
50	45232
51	78398
52	107044
53	131061
54	132786
55	105596
56	78512
57	43560
58	26955
59	25843
60	34947
61	62423
62	94098
63	121003
64	135218
65	116367
66	87410
67	56389
68	32215
69	24705
70	25804
71	44083
72	63685
73	884
74	1695
75	149957
76	163600
77	138517
78	37944
79	25804
80	23331
81	34060
82	45697
83	69561
84	82640
85	86287
86	83698
87	62342
88	40529
89	28247
90	22524
91	23526
92	34636
93	47790
94	71101
95	70985
96	70970
97	63415
98	42762
99	34673
100	25033
101	20555
102	25153
103	34656
104	59032
105	60932
106	67875
107	52383
108	44071
109	33200
110	24871
111	21742
112	21675
113	27729
114	35753
115	44529
116	54801
117	53854
118	45203
119	34317
120	27176
121	22084
122	20208
123	24409
124	31726
125	36622
126	44001
127	47744
128	43291
129	36045
130	36373
131	31917
132	29500
133	26628
134	26584
135	35325
136	38513
137	44249
138	48028
139	40851
140	43430
141	44009
142	40272
143	38070
144	37652
145	40507
146	42382
147	50485
148	50045
149	44547
150	45671
151	45354
152	43177
153	49761
154	53655
155	60276
156	67100
157	67696
158	62026
159	54572
160	44222
161	42753
162	43460
163	50182
164	59231
165	73522
166	84852
167	89385
168	84766
169	71194
170	53220
171	44755
172	39764
173	44323
174	51537
175	64631
176	75248
177	83538
178	78526
179	69151
180	60289
181	44703
182	39943
183	38985
184	41351
185	47510
186	55134
187	61861
188	65010
189	60368
190	53249
191	44298
192	38201
193	34737
194	35340
195	37956
196	41287
197	47298
198	48575
199	48668
200	44827
201	38869
202	35114
203	31949
204	33546
205	31818
206	33946
207	34455
208	35663
209	37873
210	34280
211	33168
212	30011
213	28358
214	27136
215	25931
216	26449
217	25736
218	26958
219	26458
220	26234
221	26000
222	24512
223	22322
224	21636
225	20695
226	20862
227	20398
228	20282
229	19742
230	19536
231	19574
232	19114
233	17897
234	17036
235	16088
236	15407
237	15134
238	14355
239	14676
240	14726
241	14263
242	13974
243	13876
244	12734
245	12541
246	12258
247	11314
248	10674
249	10877
250	10958
251	10726
252	10843
253	10175
254	10186
255	10046
256	9622
257	8564
258	9097
259	8405
260	8185
261	8106
262	8139
263	7509
264	7813
265	7909
266	7295
267	6856
268	7026
269	6502
270	6225
271	6364
272	6021
273	6160
274	6322
275	6206
276	6247
277	6218
278	6541
279	6393
280	5728
281	5998
282	5597
283	5162
284	5286
285	5489
286	5446
287	6025
288	5963
289	6497
290	6467
291	6410
292	5790
293	5340
294	5247
295	4780
296	5211
297	5782
298	6361
299	7007
300	7521
301	7388
302	6912
303	6184
304	5633
305	5083
306	5238
307	5377
308	6078
309	6766
310	7201
311	7184
312	7209
313	6748
314	6511
315	5602
316	5201
317	5216
318	5510
319	6064
320	6470
321	6787
322	6485
323	6543
324	6146
325	5582
326	5286
327	5167
328	4915
329	5314
330	5378
331	5474
332	5391
333	5541
334	5502
335	5213
336	4842
337	4550
338	4590
339	4435
340	4358
341	4467
342	4265
343	4194
344	4282
345	4134
346	3985
347	3938
348	3907
349	3889
350	3661
351	3591
352	3323
353	3202
354	3308
355	3119
356	3291
357	3066
358	3157
359	3091
360	2873
361	2862
362	2643
363	2687
364	2519
365	2421
366	2438
367	2377
368	2335
369	2381
370	2218
371	2181
372	2002
373	1999
374	2100
375	1790
376	1767
377	1722
378	1706
379	1693
380	1657
381	1597
382	1678
383	1492
384	1404
385	1207
386	1204
387	1296
388	1217
389	1319
390	1257
391	1193
392	1200
393	1231
394	1143
395	911
396	912
397	901
398	857
399	969
400	843
401	865
402	794
403	813
404	843
405	752
406	756
407	673
408	682
409	710
410	592
411	649
412	627
413	604
414	723
415	554
416	501
417	439
418	485
419	574
420	411
421	453
422	459
423	484
424	474
425	366
426	422
427	393
428	355
429	467
430	340
431	360
432	368
433	363
434	432
435	350
436	339
437	342
438	289
439	360
440	270
441	300
442	284
443	300
444	359
445	270
446	282
447	319
448	244
449	346
450	250
451	286
452	262
453	301
454	307
455	248
456	252
457	265
458	252
459	324
460	205
461	232
462	238
463	278
464	315
465	250
466	219
467	191
468	245
469	321
470	226
471	191
472	228
473	211
474	249
475	195
476	224
477	219
478	213
479	297
480	183
481	189
482	163
483	212
484	277
485	193
486	230
487	195
488	177
489	247
490	168
491	143
492	177
493	164
494	209
495	158
496	183
497	179
498	189
499	266
500	140
501	178
502	148
503	134
504	273
505	238
506	170
507	173
508	202
509	237
510	180
511	194
512	156
513	163
514	150
515	131
516	188
517	178
518	190
519	214
520	150
521	139
522	124
523	195
524	180
525	127
526	124
527	149
528	164
529	194
530	117
531	137
532	112
533	121
534	168
535	135
536	119
537	114
538	134
539	189
540	95
541	166
542	127
543	118
544	153
545	78
546	107
547	130
548	128
549	168
550	92
551	105
552	80
553	124
554	131
555	137
556	104
557	95
558	137
559	132
560	97
561	109
562	76
563	103
564	134
565	119
566	71
567	138
568	124
569	121
570	79
571	78
572	76
573	140
574	108
575	86
576	115
577	85
578	96
579	150
580	68
581	72
582	111
583	139
584	114
585	91
586	66
587	76
588	77
589	122
590	65
591	95
592	86
593	67
594	134
595	79
596	81
597	103
598	129
599	116
600	82
601	47
602	64
603	108
604	116
605	64
606	88
607	65
608	80
609	120
610	66
611	94
612	59
613	61
614	116
615	94
616	70
617	64
618	67
619	116
620	85
621	96
622	85
623	100
624	115
625	60
626	97
627	91
628	88
629	126
630	82
631	83
632	78
633	107
634	114
635	64
636	64
637	69
638	103
639	128
640	76
641	72
642	55
643	74
644	90
645	85
646	104
647	79
648	107
649	84
650	58
651	96
652	84
653	87
654	135
655	73
656	87
657	94
658	111
659	100
660	66
661	83
662	59
663	107
664	148
665	69
666	57
667	82
668	99
669	124
670	66
671	88
672	80
673	86
674	116
675	106
676	106
677	75
678	105
679	118
680	89
681	121
682	79
683	78
684	107
685	62
686	74
687	101
688	79
689	151
690	80
691	74
692	102
693	94
694	76
695	41
696	59
697	67
698	61
699	110
700	74
701	17
702	38
703	16
704	27
705	13
706	13
707	12
708	12
709	15
710	11
711	30
712	20
713	6
714	10
715	6
716	5
717	3
718	7
719	10
720	14
721	3
722	7
723	2
724	8
725	1
726	9
727	6
728	2
729	4
730	3
731	6
733	1
734	1
735	2
736	2
738	9
740	1
741	1
743	1
747	1
748	1
750	1
754	2
