22	11
23	58
24	27
25	88
26	293
27	464
28	907
29	2017
30	2817
31	3564
32	6104
33	7792
34	7600
35	10408
36	14428
37	13493
38	16556
39	30262
40	55842
41	91636
42	128010
43	139642
44	135117
45	105826
46	73596
47	44504
48	32063
49	37840
50	60006
51	91392
52	126182
53	139895
54	140423
55	114773
56	83325
57	56426
58	35493
59	35308
60	45597
61	71301
62	103566
63	130843
64	142834
65	125865
66	93058
67	63183
68	41912
69	33332
70	37562
71	53625
72	76163
73	680
74	1370
75	146123
76	174938
77	142342
78	47410
79	34516
80	31603
81	40950
82	53503
83	72529
84	85640
85	89161
86	81812
87	63696
88	44785
89	32872
90	27466
91	29225
92	37857
93	50456
94	66470
95	70715
96	67774
97	58439
98	43634
99	34075
100	27041
101	24116
102	27847
103	36189
104	49935
105	55563
106	58057
107	49211
108	41560
109	32414
110	25220
111	22550
112	23273
113	27410
114	35228
115	41667
116	46280
117	45554
118	39910
119	31069
120	25284
121	21150
122	19946
123	23466
124	28404
125	33530
126	37708
127	39924
128	36803
129	31076
130	28281
131	24542
132	22169
133	22246
134	24394
135	30434
136	33840
137	39181
138	41659
139	35458
140	33404
141	33499
142	31047
143	28792
144	30043
145	33583
146	36214
147	41735
148	43750
149	39712
150	37012
151	37964
152	38625
153	43057
154	48364
155	55209
156	63537
157	65893
158	63167
159	53310
160	44193
161	41389
162	43754
163	52903
164	64766
165	82668
166	103212
167	113026
168	104641
169	83755
170	62190
171	51164
172	46271
173	52405
174	65316
175	83415
176	101032
177	111262
178	107921
179	90999
180	76284
181	60933
182	53359
183	53024
184	58546
185	67516
186	78964
187	89497
188	92614
189	86141
190	75691
191	65790
192	58680
193	55380
194	55534
195	60342
196	66056
197	72140
198	76504
199	75720
200	69884
201	63520
202	58571
203	55396
204	55958
205	56226
206	58486
207	60226
208	61939
209	62431
210	60288
211	58278
212	55222
213	52519
214	50910
215	49588
216	49746
217	49952
218	50118
219	49652
220	48540
221	47998
222	45950
223	44335
224	43204
225	42752
226	41222
227	40405
228	40522
229	39225
230	38477
231	37878
232	37229
233	35983
234	35224
235	34824
236	33048
237	32089
238	31237
239	30187
240	30011
241	29117
242	28802
243	28804
244	27418
245	27024
246	26487
247	24840
248	23599
249	23050
250	22627
251	22577
252	21937
253	21718
254	21528
255	20667
256	19699
257	18803
258	18403
259	17916
260	17116
261	17160
262	16585
263	16350
264	16345
265	15959
266	15254
267	14768
268	14117
269	13189
270	13097
271	12929
272	12731
273	12959
274	13047
275	12520
276	12534
277	11875
278	11722
279	11670
280	10960
281	10753
282	10662
283	10463
284	10434
285	10481
286	10089
287	10465
288	9891
289	9897
290	10119
291	9973
292	9645
293	9341
294	9443
295	8739
296	8998
297	9025
298	9362
299	9820
300	9939
301	9995
302	9823
303	9598
304	9065
305	8672
306	8435
307	8353
308	8878
309	9099
310	9385
311	9744
312	9976
313	9715
314	9479
315	9038
316	8651
317	8448
318	8710
319	8735
320	9133
321	9281
322	9675
323	9802
324	9956
325	9404
326	9358
327	9066
328	8766
329	8951
330	8830
331	9039
332	9100
333	9358
334	9480
335	9218
336	9146
337	9144
338	8805
339	8843
340	8556
341	8473
342	8408
343	8434
344	8508
345	8796
346	8758
347	8891
348	8708
349	8401
350	8247
351	7996
352	7991
353	7373
354	7514
355	7548
356	7892
357	7912
358	8073
359	7898
360	7581
361	7331
362	7093
363	6759
364	6578
365	6661
366	6627
367	6977
368	7024
369	7290
370	6969
371	6729
372	6346
373	5945
374	5787
375	5519
376	5688
377	5776
378	5984
379	5904
380	5893
381	5658
382	5317
383	5058
384	4876
385	4593
386	4722
387	4761
388	4630
389	4828
390	4809
391	4695
392	4530
393	4342
394	4258
395	3912
396	3640
397	3713
398	3756
399	3869
400	3895
401	3814
402	3655
403	3640
404	3357
405	3258
406	3185
407	2906
408	2927
409	2921
410	3013
411	2981
412	3055
413	2836
414	2707
415	2595
416	2444
417	2244
418	2291
419	2275
420	2323
421	2332
422	2296
423	2244
424	2134
425	1988
426	1930
427	1874
428	1768
429	1767
430	1729
431	1738
432	1778
433	1718
434	1677
435	1626
436	1608
437	1429
438	1423
439	1339
440	1378
441	1462
442	1350
443	1388
444	1315
445	1267
446	1210
447	1136
448	1141
449	1106
450	1149
451	1054
452	1081
453	1038
454	1087
455	989
456	959
457	965
458	882
459	902
460	920
461	870
462	843
463	823
464	947
465	902
466	846
467	786
468	784
469	777
470	780
471	729
472	713
473	706
474	744
475	747
476	737
477	684
478	716
479	613
480	645
481	669
482	663
483	621
484	653
485	625
486	618
487	604
488	617
489	608
490	546
491	574
492	564
493	501
494	581
495	555
496	582
497	505
498	500
499	525
500	499
501	556
502	466
503	460
504	528
505	493
506	462
507	476
508	447
509	464
510	444
511	405
512	417
513	447
514	439
515	410
516	432
517	473
518	401
519	433
520	396
521	403
522	383
523	365
524	391
525	376
526	386
527	369
528	376
529	394
530	330
531	352
532	300
533	344
534	327
535	360
536	320
537	326
538	309
539	305
540	333
541	316
542	289
543	299
544	298
545	293
546	266
547	267
548	283
549	272
550	270
551	255
552	229
553	243
554	243
555	246
556	238
557	204
558	217
559	230
560	226
561	222
562	191
563	202
564	204
565	199
566	175
567	183
568	187
569	192
570	177
571	199
572	162
573	186
574	169
575	165
576	161
577	175
578	141
579	179
580	169
581	170
582	157
583	157
584	147
585	139
586	128
587	126
588	116
589	139
590	136
591	157
592	120
593	131
594	126
595	105
596	122
597	138
598	102
599	106
600	107
601	113
602	82
603	120
604	102
605	105
606	101
607	84
608	76
609	122
610	77
611	93
612	82
613	78
614	99
615	108
616	86
617	67
618	71
619	77
620	87
621	86
622	83
623	82
624	78
625	89
626	59
627	109
628	86
629	81
630	62
631	70
632	69
633	90
634	77
635	56
636	66
637	40
638	64
639	96
640	55
641	51
642	62
643	49
644	67
645	73
646	48
647	44
648	59
649	73
650	54
651	65
652	62
653	65
654	51
655	54
656	55
657	77
658	40
659	87
660	45
661	45
662	55
663	62
664	61
665	47
666	50
667	46
668	42
669	88
670	34
671	43
672	42
673	51
674	58
675	50
676	52
677	47
678	43
679	39
680	46
681	63
682	37
683	34
684	35
685	41
686	37
687	53
688	30
689	70
690	34
691	26
692	34
693	57
694	50
695	33
696	48
697	46
698	39
699	68
700	39
701	8
702	7
703	7
704	8
705	4
706	9
707	1
708	3
709	6
710	1
711	4
712	4
713	3
714	1
717	4
718	5
719	1
720	5
721	3
722	2
723	3
724	3
725	1
730	2
732	2
734	1
735	1
744	1
750	5
