22	12
23	44
24	42
25	88
26	541
27	866
28	2200
29	4653
30	5728
31	7655
32	13822
33	16993
34	14711
35	17622
36	25007
37	25185
38	32283
39	53573
40	90879
41	139708
42	187426
43	205337
44	204395
45	161600
46	125500
47	92718
48	74258
49	88868
50	114856
51	160537
52	207958
53	226483
54	235464
55	189379
56	150265
57	112574
58	81765
59	81164
60	91236
61	119273
62	161189
63	188640
64	209266
65	177551
66	133295
67	98149
68	70165
69	66261
70	64608
71	83450
72	106336
73	941
74	2048
75	223261
76	220989
77	186311
78	64953
79	55974
80	49426
81	60347
82	70866
83	87289
84	105092
85	106595
86	97257
87	80310
88	60598
89	51169
90	41817
91	41959
92	47964
93	59041
94	73305
95	77260
96	73608
97	64536
98	50586
99	43402
100	36444
101	32821
102	34964
103	40729
104	48940
105	55103
106	54809
107	49979
108	43159
109	34956
110	29591
111	26814
112	26168
113	27916
114	33491
115	37669
116	39708
117	40218
118	36474
119	29453
120	25538
121	22255
122	21096
123	20953
124	24111
125	27107
126	29115
127	31158
128	30920
129	28996
130	27823
131	27295
132	22640
133	19265
134	19299
135	21426
136	23779
137	30099
138	33880
139	33947
140	39137
141	44948
142	38397
143	28867
144	24859
145	24311
146	26625
147	30579
148	34790
149	36894
150	43849
151	50708
152	48616
153	43719
154	42576
155	43526
156	46853
157	47868
158	43898
159	39177
160	33200
161	35052
162	37760
163	43911
164	50721
165	59270
166	68153
167	68930
168	60593
169	48549
170	36116
171	31108
172	29605
173	33394
174	40262
175	47676
176	53453
177	55239
178	50227
179	44025
180	34195
181	27161
182	24052
183	24226
184	26818
185	28926
186	31487
187	33273
188	34118
189	31510
190	26325
191	22443
192	19649
193	18468
194	18509
195	18290
196	19619
197	20399
198	20982
199	20172
200	18094
201	16394
202	14574
203	13376
204	13249
205	12311
206	12455
207	12441
208	12048
209	12206
210	11243
211	10720
212	9826
213	9448
214	9126
215	8213
216	7741
217	7411
218	7312
219	7281
220	6835
221	6397
222	6142
223	5715
224	5538
225	5245
226	4856
227	4682
228	4317
229	4238
230	3898
231	3775
232	3614
233	3402
234	3432
235	3058
236	2916
237	2925
238	2495
239	2583
240	2361
241	2221
242	2232
243	2084
244	2224
245	1837
246	1807
247	1783
248	1595
249	1648
250	1375
251	1313
252	1332
253	1172
254	1373
255	1199
256	1113
257	1135
258	951
259	1139
260	874
261	931
262	875
263	880
264	902
265	762
266	741
267	751
268	715
269	794
270	586
271	597
272	567
273	681
274	738
275	543
276	624
277	566
278	528
279	756
280	551
281	554
282	513
283	526
284	660
285	531
286	430
287	523
288	491
289	660
290	456
291	538
292	442
293	445
294	607
295	412
296	452
297	504
298	439
299	657
300	491
301	548
302	511
303	514
304	621
305	412
306	394
307	399
308	462
309	631
310	527
311	497
312	486
313	527
314	600
315	439
316	428
317	418
318	389
319	650
320	456
321	581
322	479
323	478
324	608
325	413
326	427
327	454
328	400
329	610
330	359
331	425
332	422
333	516
334	559
335	328
336	415
337	367
338	367
339	544
340	294
341	402
342	385
343	350
344	505
345	400
346	339
347	325
348	323
349	522
350	342
351	412
352	361
353	311
354	457
355	315
356	303
357	370
358	279
359	448
360	259
361	313
362	300
363	290
364	395
365	261
366	306
367	248
368	276
369	448
370	247
371	297
372	222
373	307
374	447
375	288
376	294
377	247
378	269
379	391
380	241
381	321
382	300
383	298
384	438
385	275
386	257
387	269
388	267
389	420
390	230
391	296
392	276
393	308
394	402
395	294
396	255
397	247
398	247
399	357
400	234
401	260
402	226
403	218
404	322
405	239
406	211
407	264
408	218
409	330
410	173
411	317
412	296
413	433
414	437
415	350
416	248
417	230
418	219
419	348
420	156
421	190
422	187
423	216
424	304
425	160
426	215
427	200
428	186
429	332
430	181
431	175
432	162
433	181
434	333
435	167
436	190
437	169
438	176
439	304
440	140
441	249
442	181
443	201
444	285
445	163
446	185
447	184
448	167
449	326
450	160
451	202
452	190
453	199
454	297
455	164
456	164
457	182
458	176
459	329
460	164
461	169
462	171
463	189
464	330
465	176
466	180
467	140
468	163
469	283
470	174
471	207
472	168
473	184
474	242
475	163
476	185
477	174
478	188
479	275
480	161
481	163
482	152
483	196
484	285
485	144
486	165
487	172
488	195
489	352
490	147
491	153
492	167
493	164
494	294
495	171
496	181
497	144
498	185
499	321
500	164
501	185
502	159
503	183
504	271
505	186
506	158
507	172
508	206
509	299
510	173
511	207
512	189
513	200
514	276
515	133
516	166
517	223
518	227
519	311
520	166
521	187
522	176
523	185
524	256
525	167
526	166
527	165
528	208
529	267
530	170
531	184
532	170
533	189
534	235
535	168
536	162
537	169
538	199
539	231
540	142
541	203
542	177
543	214
544	253
545	146
546	177
547	153
548	188
549	227
550	140
551	181
552	146
553	223
554	218
555	184
556	170
557	165
558	175
559	255
560	150
561	168
562	181
563	181
564	207
565	141
566	171
567	169
568	162
569	230
570	141
571	164
572	148
573	205
574	279
575	139
576	156
577	154
578	193
579	263
580	161
581	135
582	205
583	183
584	246
585	208
586	171
587	164
588	153
589	252
590	125
591	167
592	174
593	154
594	242
595	124
596	160
597	178
598	181
599	219
600	151
601	118
602	117
603	201
604	217
605	129
606	183
607	175
608	165
609	237
610	153
611	141
612	150
613	160
614	232
615	157
616	152
617	175
618	147
619	263
620	126
621	170
622	187
623	167
624	229
625	132
626	134
627	189
628	158
629	212
630	144
631	145
632	178
633	176
634	222
635	145
636	137
637	141
638	149
639	241
640	142
641	158
642	167
643	200
644	233
645	154
646	131
647	132
648	184
649	206
650	153
651	159
652	159
653	199
654	211
655	191
656	138
657	195
658	168
659	226
660	143
661	174
662	149
663	189
664	252
665	169
666	193
667	151
668	212
669	234
670	141
671	157
672	155
673	172
674	242
675	182
676	185
677	136
678	228
679	219
680	154
681	169
682	163
683	178
684	195
685	172
686	145
687	189
688	156
689	202
690	119
691	116
692	124
693	157
694	165
695	141
696	111
697	144
698	124
699	179
700	113
701	25
702	55
703	50
704	59
705	39
706	36
707	28
708	27
709	25
710	35
711	17
712	28
713	29
714	16
715	26
716	15
717	12
718	18
719	14
720	13
721	11
722	7
723	13
724	9
725	6
726	9
727	6
728	4
729	1
730	14
731	10
732	6
733	5
734	3
735	1
736	2
737	4
738	3
739	1
740	1
742	2
744	1
746	2
749	2
751	1
753	1
757	1
