22	3
23	34
24	72
25	87
26	516
27	921
28	2474
29	5479
30	7219
31	9866
32	18708
33	22732
34	19797
35	21425
36	26155
37	24921
38	31256
39	59173
40	98679
41	157793
42	222678
43	241280
44	242423
45	183074
46	137833
47	96379
48	73530
49	90927
50	115916
51	165336
52	217658
53	224446
54	237978
55	183957
56	142022
57	107927
58	70692
59	75053
60	80692
61	111524
62	152124
63	181114
64	205204
65	169473
66	126224
67	90287
68	63147
69	58598
70	57700
71	73647
72	98249
73	734
74	1565
75	185609
76	208186
77	174266
78	63127
79	53190
80	43944
81	52100
82	61760
83	76599
84	93872
85	90269
86	83364
87	67803
88	50438
89	42772
90	33528
91	34176
92	38162
93	48067
94	61218
95	63247
96	61468
97	52354
98	40317
99	34835
100	27916
101	25837
102	26657
103	31164
104	40467
105	43835
106	44094
107	39437
108	33315
109	27485
110	22145
111	19935
112	19376
113	20593
114	26309
115	28489
116	30351
117	30844
118	28213
119	23788
120	19432
121	17007
122	15340
123	15001
124	18992
125	20205
126	22087
127	24559
128	24201
129	24461
130	23638
131	23913
132	19755
133	15058
134	15421
135	16190
136	18997
137	25705
138	30382
139	31846
140	37611
141	44488
142	37200
143	26993
144	22710
145	21387
146	22964
147	27401
148	31840
149	35186
150	42219
151	49532
152	47681
153	43246
154	43401
155	42588
156	44339
157	44840
158	40881
159	36751
160	30511
161	31835
162	36089
163	41560
164	49841
165	56688
166	65140
167	65144
168	55400
169	45347
170	31504
171	27323
172	26583
173	29741
174	37637
175	41765
176	47088
177	48710
178	43412
179	37683
180	28397
181	22791
182	20032
183	19922
184	22832
185	23854
186	25599
187	27303
188	26741
189	25847
190	20055
191	17354
192	14875
193	13957
194	14531
195	13546
196	14365
197	14983
198	15234
199	14722
200	12477
201	11152
202	10277
203	9264
204	9541
205	8547
206	8275
207	8493
208	7987
209	8070
210	7004
211	6766
212	6447
213	6022
214	6064
215	5198
216	4883
217	4629
218	4276
219	4526
220	3863
221	3717
222	3452
223	3194
224	3506
225	3190
226	2954
227	2536
228	2394
229	2573
230	2083
231	2155
232	1955
233	1826
234	2165
235	1656
236	1647
237	1694
238	1360
239	1637
240	1215
241	1192
242	1118
243	1208
244	1336
245	984
246	984
247	959
248	880
249	1175
250	713
251	735
252	713
253	708
254	983
255	702
256	618
257	659
258	617
259	892
260	444
261	656
262	558
263	551
264	780
265	459
266	581
267	597
268	527
269	888
270	422
271	475
272	425
273	503
274	869
275	383
276	439
277	432
278	429
279	874
280	380
281	493
282	460
283	392
284	853
285	410
286	436
287	394
288	396
289	824
290	351
291	517
292	417
293	415
294	769
295	327
296	413
297	522
298	390
299	772
300	337
301	469
302	479
303	483
304	821
305	352
306	411
307	453
308	375
309	804
310	377
311	462
312	446
313	420
314	782
315	405
316	443
317	410
318	406
319	818
320	305
321	482
322	446
323	363
324	754
325	359
326	438
327	535
328	355
329	741
330	315
331	458
332	436
333	479
334	714
335	316
336	464
337	465
338	373
339	691
340	326
341	366
342	358
343	384
344	697
345	317
346	402
347	409
348	350
349	737
350	291
351	455
352	341
353	353
354	619
355	289
356	396
357	410
358	367
359	745
360	264
361	377
362	328
363	354
364	658
365	273
366	372
367	350
368	299
369	700
370	328
371	426
372	355
373	423
374	677
375	326
376	390
377	309
378	378
379	721
380	325
381	413
382	400
383	429
384	748
385	350
386	394
387	410
388	363
389	635
390	311
391	380
392	391
393	403
394	676
395	343
396	396
397	376
398	346
399	604
400	285
401	374
402	359
403	370
404	668
405	316
406	382
407	406
408	371
409	643
410	347
411	381
412	421
413	553
414	786
415	451
416	434
417	348
418	366
419	583
420	240
421	287
422	290
423	365
424	567
425	295
426	308
427	330
428	311
429	627
430	242
431	296
432	249
433	331
434	639
435	270
436	296
437	343
438	302
439	567
440	266
441	317
442	270
443	380
444	538
445	281
446	280
447	299
448	299
449	596
450	251
451	290
452	304
453	351
454	609
455	277
456	288
457	317
458	316
459	617
460	271
461	293
462	358
463	333
464	586
465	276
466	282
467	285
468	288
469	613
470	265
471	356
472	289
473	343
474	505
475	286
476	310
477	313
478	280
479	540
480	244
481	251
482	276
483	319
484	520
485	263
486	324
487	321
488	322
489	676
490	225
491	280
492	263
493	319
494	504
495	252
496	268
497	302
498	349
499	619
500	262
501	280
502	275
503	284
504	582
505	256
506	280
507	337
508	345
509	551
510	291
511	313
512	286
513	312
514	522
515	243
516	348
517	345
518	289
519	594
520	281
521	325
522	288
523	331
524	555
525	287
526	242
527	289
528	373
529	469
530	283
531	294
532	279
533	327
534	534
535	264
536	302
537	322
538	351
539	495
540	223
541	356
542	308
543	348
544	452
545	256
546	287
547	252
548	359
549	472
550	247
551	281
552	315
553	378
554	452
555	304
556	269
557	254
558	319
559	404
560	272
561	279
562	282
563	330
564	476
565	231
566	304
567	255
568	327
569	461
570	240
571	261
572	257
573	374
574	410
575	236
576	269
577	269
578	328
579	454
580	306
581	269
582	317
583	303
584	449
585	307
586	266
587	300
588	314
589	431
590	185
591	258
592	265
593	306
594	431
595	234
596	259
597	297
598	292
599	510
600	280
601	263
602	281
603	285
604	380
605	224
606	279
607	297
608	346
609	463
610	244
611	262
612	281
613	330
614	402
615	277
616	270
617	267
618	319
619	486
620	310
621	325
622	316
623	331
624	395
625	242
626	251
627	296
628	338
629	371
630	260
631	272
632	278
633	362
634	412
635	262
636	260
637	269
638	310
639	397
640	265
641	264
642	301
643	319
644	385
645	237
646	263
647	286
648	343
649	422
650	239
651	326
652	285
653	346
654	407
655	254
656	241
657	306
658	346
659	475
660	235
661	284
662	275
663	353
664	449
665	243
666	298
667	256
668	440
669	424
670	248
671	297
672	274
673	398
674	417
675	299
676	245
677	259
678	459
679	438
680	307
681	277
682	257
683	379
684	417
685	242
686	233
687	293
688	288
689	409
690	214
691	236
692	239
693	302
694	379
695	227
696	259
697	234
698	270
699	368
700	226
701	121
702	113
703	128
704	109
705	70
706	79
707	83
708	93
709	76
710	51
711	65
712	54
713	60
714	37
715	54
716	41
717	33
718	31
719	37
720	29
721	28
722	35
723	25
724	24
725	30
726	15
727	19
728	16
729	15
730	29
731	9
732	15
733	6
734	13
735	9
736	14
737	1
738	7
739	11
740	1
741	5
742	1
743	6
744	3
745	3
746	1
747	1
748	2
749	1
750	1
751	1
752	2
753	8
760	4
761	1
