Sample	FastQC_mqc-generalstats-fastqc-percent_duplicates	FastQC_mqc-generalstats-fastqc-percent_gc	FastQC_mqc-generalstats-fastqc-avg_sequence_length	FastQC_mqc-generalstats-fastqc-percent_fails	FastQC_mqc-generalstats-fastqc-total_sequences
MCW_CT_ROA_082_R1_trim	25.516225280554167	52.0	70.04950105514882	18.181818181818183	8830034.0
MCW_CT_ROA_082_R2_trim	21.65642153513373	51.0	70.00184416050946	9.090909090909092	8830034.0
MCW_CT_ROA_090_R1_trim	51.5950384689986	50.0	70.78322382738723	18.181818181818183	16578704.0
MCW_CT_ROA_090_R2_trim	49.28573931206856	49.0	70.75134160064623	9.090909090909092	16578704.0
MCW_CT_ROA_091_R1_trim	28.799344016338196	52.0	71.93379969844742	9.090909090909092	9570470.0
MCW_CT_ROA_091_R2_trim	24.767792102359735	52.0	71.88987562784273	9.090909090909092	9570470.0
MCW_CT_ROA_093_R1_trim	47.03804730196007	52.0	71.21410507959911	9.090909090909092	10733977.0
MCW_CT_ROA_093_R2_trim	38.80574415989907	52.0	71.20853361247187	9.090909090909092	10733977.0
MCW_CT_ROA_100_R1_trim	52.36090525090975	50.0	70.99450365130882	27.27272727272727	9646404.0
MCW_CT_ROA_100_R2_trim	48.3306668726897	50.0	70.94970104922	9.090909090909092	9646404.0
MCW_CT_ROA_101_R1_trim	26.850500552248064	50.0	71.6077853702683	18.181818181818183	5971251.0
MCW_CT_ROA_101_R2_trim	24.963871476013296	50.0	71.57006932048243	9.090909090909092	5971251.0
MCW_CT_ROA_102_R1_trim	45.983701259776296	50.0	71.37048947982596	18.181818181818183	8994528.0
MCW_CT_ROA_102_R2_trim	40.61369662915817	50.0	71.34909513873323	9.090909090909092	8994528.0
MCW_CT_ROA_103_R1_trim	24.708396510526697	50.0	71.46959719306913	27.27272727272727	4663599.0
MCW_CT_ROA_103_R2_trim	22.666463667822256	49.0	71.43402380865079	9.090909090909092	4663599.0
MCW_CT_ROA_105_R1_trim	34.297090204499796	51.0	70.3487811021117	18.181818181818183	10410306.0
MCW_CT_ROA_105_R2_trim	28.597262294110408	51.0	70.36182855720091	9.090909090909092	10410306.0
MCW_CT_ROA_106_R1_trim	44.204752180443165	55.0	61.786009156649314	18.181818181818183	16439638.0
MCW_CT_ROA_106_R2_trim	43.84484120046004	55.0	61.839704256261605	9.090909090909092	16439638.0
MCW_CT_ROA_107_R1_trim	39.535799373206736	55.0	67.63537258316457	18.181818181818183	14094464.0
MCW_CT_ROA_107_R2_trim	36.037237013575165	55.0	67.59850094334911	9.090909090909092	14094464.0
MCW_CT_ROA_108_R1_trim	58.200615543377126	54.0	65.68374028032618	27.27272727272727	18259872.0
MCW_CT_ROA_108_R2_trim	49.37342456758406	53.0	65.78994923951274	9.090909090909092	18259872.0
MCW_CT_ROA_109_R1_trim	56.92908688048367	55.0	67.27552444732618	27.27272727272727	13689268.0
MCW_CT_ROA_109_R2_trim	49.0485228788386	54.0	67.29941820117774	9.090909090909092	13689268.0
MCW_CT_ROA_111_R1_trim	35.79069948980553	53.0	70.3886160844913	9.090909090909092	11910243.0
MCW_CT_ROA_111_R2_trim	28.22111231990712	53.0	70.39368869300148	9.090909090909092	11910243.0
MCW_CT_ROA_112_R1_trim	29.927668658983038	53.0	69.81030447196419	18.181818181818183	12803412.0
MCW_CT_ROA_112_R2_trim	23.7216895981348	53.0	69.79794354817294	9.090909090909092	12803412.0
MCW_CT_ROA_113_R1_trim	65.14107792955465	52.0	67.3891840989947	36.36363636363637	12211077.0
MCW_CT_ROA_113_R2_trim	60.692208460536406	51.0	67.40075588746186	18.181818181818183	12211077.0
MCW_CT_ROA_114_R1_trim	68.70654490952344	49.0	69.97409488362221	27.27272727272727	9122059.0
MCW_CT_ROA_114_R2_trim	62.75805760477884	49.0	69.94473067977306	18.181818181818183	9122059.0
MCW_CT_ROA_115_R1_trim	53.55423223742367	47.0	70.15564761843483	27.27272727272727	11702871.0
MCW_CT_ROA_115_R2_trim	49.59431248513749	47.0	70.14765641695956	9.090909090909092	11702871.0
MCW_CT_ROA_116_R1_trim	60.33362429694552	52.0	70.64911198393702	36.36363636363637	11303005.0
MCW_CT_ROA_116_R2_trim	53.3504388170809	52.0	70.6379860930788	27.27272727272727	11303005.0
MCW_CT_ROA_117_R1_trim	59.215546619642254	49.0	70.52375547656602	27.27272727272727	8839709.0
MCW_CT_ROA_117_R2_trim	55.08183959276881	49.0	70.49129943078442	18.181818181818183	8839709.0
MCW_CT_ROA_118_R1_trim	56.47113489451927	51.0	69.91392978700894	27.27272727272727	10368651.0
MCW_CT_ROA_118_R2_trim	49.69415078422214	50.0	69.94727125061881	18.181818181818183	10368651.0
MCW_CT_ROA_119_R1_trim	57.49193106217136	51.0	69.56629137258142	36.36363636363637	10678026.0
MCW_CT_ROA_119_R2_trim	54.12389125318751	51.0	69.55362461188987	27.27272727272727	10678026.0
MCW_CT_ROA_120_R1_trim	61.163077121227104	50.0	70.08431988578425	27.27272727272727	8814196.0
MCW_CT_ROA_120_R2_trim	54.64906309687772	49.0	70.09610088089714	18.181818181818183	8814196.0
MCW_CT_ROA_121_R1_trim	69.89396341011253	49.0	69.5789345642754	27.27272727272727	14847165.0
MCW_CT_ROA_121_R2_trim	66.14093137687868	49.0	69.56648073891547	27.27272727272727	14847165.0
MCW_CT_ROA_123_R1_trim	18.15067466081939	51.0	68.33517900442565	9.090909090909092	14153840.0
MCW_CT_ROA_123_R2_trim	15.750937537121075	51.0	68.37520178269642	9.090909090909092	14153840.0
MCW_CT_ROA_124_R1_trim	16.446858119946313	52.0	72.05675672310524	9.090909090909092	5862953.0
MCW_CT_ROA_124_R2_trim	14.316654078708652	51.0	72.00678088328526	9.090909090909092	5862953.0
MCW_CT_ROA_125_R1_trim	27.07443985320252	56.0	67.46573719073048	9.090909090909092	13609246.0
MCW_CT_ROA_125_R2_trim	23.7282038873481	55.0	67.43451077304356	9.090909090909092	13609246.0
MCW_CT_ROA_126_R1_trim	30.98101304797241	53.0	61.200988402930456	18.181818181818183	9817049.0
MCW_CT_ROA_126_R2_trim	30.23732433879978	53.0	61.28996177975683	9.090909090909092	9817049.0
MCW_CT_ROA_127_R1_trim	21.835174883161727	52.0	71.65190133985875	9.090909090909092	9069762.0
MCW_CT_ROA_127_R2_trim	17.79969533609561	52.0	71.5790767166768	9.090909090909092	9069762.0
MCW_CT_ROA_130_R1_trim	26.322006210715045	50.0	71.91457176934836	9.090909090909092	10036729.0
MCW_CT_ROA_130_R2_trim	23.2467242040385	50.0	71.87581551718692	9.090909090909092	10036729.0
MCW_CT_ROA_132_R1_trim	22.11565975725493	49.0	71.67445867986	9.090909090909092	10953823.0
MCW_CT_ROA_132_R2_trim	20.830112817102844	48.0	71.64469099053362	9.090909090909092	10953823.0
MCW_CT_ROA_133_R1_trim	26.35224321791587	52.0	71.43886257615738	9.090909090909092	8741438.0
MCW_CT_ROA_133_R2_trim	24.30158562779758	52.0	71.42360742019791	9.090909090909092	8741438.0
MCW_CT_ROA_135_R1_trim	18.18320645469798	52.0	70.56315982395724	18.181818181818183	6948539.0
MCW_CT_ROA_135_R2_trim	16.17624043968854	52.0	70.53613658928877	9.090909090909092	6948539.0
MCW_CT_ROA_136_R1_trim	26.7886923231859	53.0	70.22951574760293	18.181818181818183	10720711.0
MCW_CT_ROA_136_R2_trim	24.570322344002832	52.0	70.18745342543046	9.090909090909092	10720711.0
MCW_CT_ROA_138_R1_trim	31.705409374862413	49.0	70.86855446421853	9.090909090909092	10446106.0
MCW_CT_ROA_138_R2_trim	28.879857589423736	49.0	70.83251692065924	9.090909090909092	10446106.0
MCW_CT_ROA_139_R1_trim	43.93090012781139	53.0	68.98765258881221	9.090909090909092	10762175.0
MCW_CT_ROA_139_R2_trim	36.47437592640531	53.0	68.97478455795414	9.090909090909092	10762175.0
MCW_CT_ROA_140_R1_trim	36.03435606384184	51.0	72.12520955008269	9.090909090909092	8720469.0
MCW_CT_ROA_140_R2_trim	28.641884701606912	51.0	72.07273003321266	9.090909090909092	8720469.0
MCW_CT_ROA_141_R1_trim	38.869492255043326	48.0	70.25664055525881	9.090909090909092	12193521.0
MCW_CT_ROA_141_R2_trim	33.227371317122504	48.0	70.24672496155951	9.090909090909092	12193521.0
MCW_CT_ROA_142_R1_trim	33.162612803950225	50.0	72.48310210005351	9.090909090909092	7383669.0
MCW_CT_ROA_142_R2_trim	29.23140241749202	50.0	72.43550950076445	9.090909090909092	7383669.0
MCW_CT_ROA_144_R1_trim	23.81986208387403	50.0	71.97042661411088	9.090909090909092	7436416.0
MCW_CT_ROA_144_R2_trim	21.1538739966213	50.0	71.9361082005095	9.090909090909092	7436416.0
MCW_CT_ROA_145_R1_trim	40.59727744422864	52.0	69.24075115779091	9.090909090909092	10381840.0
MCW_CT_ROA_145_R2_trim	37.20392794087603	52.0	69.20096206452806	9.090909090909092	10381840.0
MCW_CT_ROA_146_R1_trim	42.38835602983032	55.0	65.71041859004502	9.090909090909092	12450965.0
MCW_CT_ROA_146_R2_trim	36.41409248187926	55.0	65.71439627370248	9.090909090909092	12450965.0
MCW_CT_ROA_147_R1_trim	26.754902273918418	49.0	71.83580013243954	9.090909090909092	7627631.0
MCW_CT_ROA_147_R2_trim	21.220736914495177	49.0	71.80596963854177	9.090909090909092	7627631.0
MCW_CT_ROA_148_R1_trim	31.77171260315677	50.0	71.78001932266805	9.090909090909092	8242133.0
MCW_CT_ROA_148_R2_trim	27.92871862258876	49.0	71.7426006107885	9.090909090909092	8242133.0
MCW_CT_ROA_149_R1_trim	43.304318610162376	57.0	64.83038492886948	9.090909090909092	16699371.0
MCW_CT_ROA_149_R2_trim	40.53522881032495	57.0	64.80244064282421	9.090909090909092	16699371.0
MCW_CT_ROA_150_R1_trim	34.425626737040446	55.0	64.35247242469546	18.181818181818183	7813241.0
MCW_CT_ROA_150_R2_trim	31.564698486145417	55.0	64.34955711720654	9.090909090909092	7813241.0
MCW_CT_ROA_151_R1_trim	28.5637504103955	57.0	59.85602005363567	18.181818181818183	3381332.0
MCW_CT_ROA_151_R2_trim	27.71662515587154	57.0	59.947639569258506	9.090909090909092	3381332.0
MCW_CT_ROA_153_R1_trim	49.48350480802255	56.0	66.73354561432512	9.090909090909092	17281183.0
MCW_CT_ROA_153_R2_trim	45.065081621818884	55.0	66.71536607187136	9.090909090909092	17281183.0
MCW_CT_ROA_154_R1_trim	23.90365833454294	53.0	70.18240633044387	9.090909090909092	6988957.0
MCW_CT_ROA_154_R2_trim	21.788582971269605	53.0	70.16894967303419	9.090909090909092	6988957.0
MCW_CT_ROA_156_R1_trim	49.842564520260446	56.0	61.04070479412057	9.090909090909092	11950951.0
MCW_CT_ROA_156_R2_trim	46.549252741897206	56.0	61.097205067613444	9.090909090909092	11950951.0
MCW_CT_ROA_157_R1_trim	30.54190624687793	57.0	63.5770330870892	9.090909090909092	13986120.0
MCW_CT_ROA_157_R2_trim	29.560441530974984	57.0	63.51813955550217	9.090909090909092	13986120.0
MCW_CT_ROA_158_R1_trim	22.82153973968299	51.0	70.84033964362025	9.090909090909092	8616090.0
MCW_CT_ROA_158_R2_trim	20.538654663456597	50.0	70.81559454462523	9.090909090909092	8616090.0
MCW_CT_ROA_159_R1_trim	36.07714040425547	50.0	70.32276981136714	9.090909090909092	8134850.0
MCW_CT_ROA_159_R2_trim	32.18780636956082	49.0	70.2977670147575	9.090909090909092	8134850.0
MCW_CT_ROA_160_R1_trim	29.109372527509223	50.0	71.02006357888017	18.181818181818183	8326979.0
MCW_CT_ROA_160_R2_trim	25.79124019501208	50.0	71.00285205474879	9.090909090909092	8326979.0
MCW_CT_ROA_162_R1_trim	53.90145176623432	52.0	69.64246604738213	18.181818181818183	5424324.0
MCW_CT_ROA_162_R2_trim	50.06736944366466	52.0	69.61868096374774	18.181818181818183	5424324.0
MCW_CT_ROA_163_R1_trim	58.16378408816224	53.0	69.95278845056109	18.181818181818183	6954866.0
MCW_CT_ROA_163_R2_trim	49.64710087833883	53.0	69.93736615486193	9.090909090909092	6954866.0
MCW_CT_ROA_165_R1_trim	49.158662379104435	49.0	71.80124475661944	18.181818181818183	6796188.0
MCW_CT_ROA_165_R2_trim	43.647204966649554	48.0	71.7619580270587	9.090909090909092	6796188.0
MCW_CT_ROA_166_R1_trim	50.92312024137733	50.0	71.94714695315307	18.181818181818183	9900924.0
MCW_CT_ROA_166_R2_trim	41.32623534035304	49.0	71.93834615839896	9.090909090909092	9900924.0
MCW_CT_ROA_167_R1_trim	62.63924341241556	47.0	67.08846892325732	18.181818181818183	10254437.0
MCW_CT_ROA_167_R2_trim	58.11341372127484	47.0	67.1785569505181	18.181818181818183	10254437.0
MCW_CT_ROA_169_R1_trim	68.00803085115483	49.0	69.05505400362858	18.181818181818183	12361299.0
MCW_CT_ROA_169_R2_trim	58.84300546554033	49.0	69.11953169323063	18.181818181818183	12361299.0
MCW_CT_ROA_171_R1_trim	53.127087093825416	49.0	68.97556180874683	18.181818181818183	15049027.0
MCW_CT_ROA_171_R2_trim	50.22969774926942	48.0	68.97502702334178	18.181818181818183	15049027.0
MCW_CT_ROA_172_R1_trim	72.65823626211457	47.0	70.10586582079438	18.181818181818183	11124138.0
MCW_CT_ROA_172_R2_trim	69.57294693585068	47.0	70.10302910661483	18.181818181818183	11124138.0
MCW_CT_ROA_173_R1_trim	53.88668313471856	49.0	70.7763869786255	18.181818181818183	12820367.0
MCW_CT_ROA_173_R2_trim	49.32010684120821	48.0	70.75954861510594	9.090909090909092	12820367.0
MCW_CT_ROA_174_R1_trim	33.55804306289777	47.0	71.7617798688552	9.090909090909092	5638348.0
MCW_CT_ROA_174_R2_trim	32.10535573487509	46.0	71.75553158478334	9.090909090909092	5638348.0
MCW_CT_ROA_175_R1_trim	28.69350049701066	56.0	55.45523973343748	9.090909090909092	734837.0
MCW_CT_ROA_175_R2_trim	28.50070451974841	56.0	55.48629423940275	9.090909090909092	734837.0
MCW_CT_ROA_177_R1_trim	62.78473001843716	51.0	68.20333484306134	27.27272727272727	10266750.0
MCW_CT_ROA_177_R2_trim	58.2828578254823	51.0	68.21989704629021	27.27272727272727	10266750.0
MCW_CT_ROA_178_R1_trim	59.08262699214814	47.0	68.23158745333494	18.181818181818183	10051149.0
MCW_CT_ROA_178_R2_trim	55.845078606590874	47.0	68.24693296258965	18.181818181818183	10051149.0
MCW_CT_ROA_180_R1_trim	61.69931944819223	48.0	68.97772161385022	18.181818181818183	14437895.0
MCW_CT_ROA_180_R2_trim	58.36871572743581	48.0	68.98681795372525	18.181818181818183	14437895.0
MCW_CT_ROA_181_R1_trim	54.82623457562911	48.0	69.68505052904636	18.181818181818183	12982038.0
MCW_CT_ROA_181_R2_trim	48.524748288745975	48.0	69.71416413971366	9.090909090909092	12982038.0
MCW_CT_ROA_183_R1_trim	63.69304298601714	49.0	67.23826040870642	18.181818181818183	11071957.0
MCW_CT_ROA_183_R2_trim	61.28709744448083	49.0	67.2960704236839	18.181818181818183	11071957.0
MCW_CT_ROA_184_R1_trim	52.74429310499981	50.0	68.21803044705162	18.181818181818183	10755984.0
MCW_CT_ROA_184_R2_trim	52.62450752489779	49.0	68.18378030313173	18.181818181818183	10755984.0
MCW_CT_ROA_185_R1_trim	66.71149009518453	50.0	69.29508711372512	27.27272727272727	10371500.0
MCW_CT_ROA_185_R2_trim	63.63647587472398	50.0	69.30472583522152	18.181818181818183	10371500.0
MCW_CT_ROA_186_R1_trim	47.714480687696934	49.0	69.87596662979375	9.090909090909092	10900502.0
MCW_CT_ROA_186_R2_trim	43.805375632996245	49.0	69.88206671582648	9.090909090909092	10900502.0
MCW_CT_ROA_189_R1_trim	62.246964051177734	49.0	69.7959433170953	18.181818181818183	9018945.0
MCW_CT_ROA_189_R2_trim	56.38650610721284	49.0	69.82365653632436	18.181818181818183	9018945.0
MCW_CT_ROA_190_R1_trim	70.92121795464975	51.0	63.3578474732413	27.27272727272727	10900566.0
MCW_CT_ROA_190_R2_trim	70.71472659805964	51.0	63.37502713161867	18.181818181818183	10900566.0
MCW_CT_ROA_192_R1_trim	69.57552940785108	49.0	70.157690789997	18.181818181818183	9617315.0
MCW_CT_ROA_192_R2_trim	61.252253932479036	48.0	70.17179451853247	18.181818181818183	9617315.0
MCW_CT_ROA_193_R1_trim	49.74590061756079	47.0	70.56785746774447	18.181818181818183	7903839.0
MCW_CT_ROA_193_R2_trim	46.16977586761073	47.0	70.5860061167744	9.090909090909092	7903839.0
MCW_CT_ROA_194_R1_trim	62.411548595296495	48.0	69.16238841691252	18.181818181818183	13338827.0
MCW_CT_ROA_194_R2_trim	59.647322882307805	47.0	69.13069027733847	18.181818181818183	13338827.0
MCW_CT_ROA_195_R1_trim	68.80160348226518	50.0	62.89937514188273	27.27272727272727	14457362.0
MCW_CT_ROA_195_R2_trim	64.13043008374764	50.0	62.9960468583411	27.27272727272727	14457362.0
MCW_CT_ROA_196_R1_trim	65.70741726255264	47.0	69.30119358277081	27.27272727272727	13394379.0
MCW_CT_ROA_196_R2_trim	60.87596958275457	47.0	69.33394806881304	18.181818181818183	13394379.0
MCW_CT_ROA_198_R1_trim	67.96324617288434	50.0	64.52161410872901	18.181818181818183	12671191.0
MCW_CT_ROA_198_R2_trim	64.930747818354	50.0	64.61953371234006	18.181818181818183	12671191.0
MCW_CT_ROA_199_R1_trim	73.68099968038706	47.0	71.12589515141761	27.27272727272727	11060140.0
MCW_CT_ROA_199_R2_trim	70.52469822670326	47.0	71.14375514233997	18.181818181818183	11060140.0
MCW_CT_ROA_201_R1_trim	62.93315849081536	47.0	70.1652345111169	27.27272727272727	9042663.0
MCW_CT_ROA_201_R2_trim	61.55972796922259	47.0	70.13928596034155	18.181818181818183	9042663.0
MCW_CT_ROA_202_R1_trim	70.09056912999604	49.0	66.73800284651216	18.181818181818183	7751943.0
MCW_CT_ROA_202_R2_trim	68.58936395745067	49.0	66.7726021721264	18.181818181818183	7751943.0
MCW_CT_ROA_204_R1_trim	75.49070908506474	47.0	70.94685684230603	27.27272727272727	17543011.0
MCW_CT_ROA_204_R2_trim	63.94416058391209	47.0	70.97887586116204	18.181818181818183	17543011.0
MCW_CT_ROA_205_R1_trim	61.91667702626122	51.0	70.58197318651754	36.36363636363637	12747766.0
MCW_CT_ROA_205_R2_trim	56.33468221357762	51.0	70.60486911981283	27.27272727272727	12747766.0
MCW_CT_ROA_206_R1_trim	59.476653159551795	51.0	69.70043829667458	27.27272727272727	8455460.0
MCW_CT_ROA_206_R2_trim	53.80476627047073	50.0	69.75020140832078	27.27272727272727	8455460.0
MCW_CT_ROA_207_R1_trim	72.47881025017136	50.0	69.60418465635694	18.181818181818183	11006304.0
MCW_CT_ROA_207_R2_trim	67.89718852862322	50.0	69.59359218135353	18.181818181818183	11006304.0
MCW_CT_ROA_208_R1_trim	58.98870462477824	50.0	70.19657156945655	18.181818181818183	5856849.0
MCW_CT_ROA_208_R2_trim	56.21755378414074	50.0	70.2076461250751	27.27272727272727	5856849.0
MCW_CT_ROA_209_R1_trim	74.75466098137133	52.0	68.20027201698309	27.27272727272727	11297824.0
MCW_CT_ROA_209_R2_trim	70.14642178186568	51.0	68.20387324143127	27.27272727272727	11297824.0
MCW_CT_ROA_210_R1_trim	71.77378826071315	48.0	70.7015030788125	18.181818181818183	7400743.0
MCW_CT_ROA_210_R2_trim	66.51787885041469	48.0	70.68481556513989	18.181818181818183	7400743.0
MCW_CT_ROA_211_R1_trim	65.67133763440097	51.0	66.9108794489874	27.27272727272727	8938017.0
MCW_CT_ROA_211_R2_trim	60.27745148918924	51.0	67.02787542247906	27.27272727272727	8938017.0
MCW_CT_ROA_213_R1_trim	18.656900285991327	50.0	62.831962562393606	18.181818181818183	13499581.0
MCW_CT_ROA_213_R2_trim	18.721661923110744	50.0	62.836320179122595	18.181818181818183	13499581.0
MCW_CT_ROA_214_R1_trim	42.2136089980017	51.0	64.9162221424971	9.090909090909092	1569281.0
MCW_CT_ROA_214_R2_trim	40.50982884833696	51.0	64.98158583453187	9.090909090909092	1569281.0
MCW_CT_ROA_215_R1_trim	37.38968680331236	51.0	62.3978257293703	18.181818181818183	12237851.0
MCW_CT_ROA_215_R2_trim	36.74147551081086	51.0	62.40976949302618	18.181818181818183	12237851.0
MCW_CT_ROA_217_R1_trim	32.99215601842576	50.0	62.66981006486975	18.181818181818183	13521248.0
MCW_CT_ROA_217_R2_trim	30.81758838147948	50.0	62.747343884233175	18.181818181818183	13521248.0
MCW_CT_ROA_218_R1_trim	32.30632543169496	51.0	61.25034878181786	18.181818181818183	15777772.0
MCW_CT_ROA_218_R2_trim	32.03361100320703	51.0	61.20876331588516	18.181818181818183	15777772.0
MCW_CT_ROA_219_R1_trim	37.23287572985311	48.0	69.67620444032272	9.090909090909092	15900601.0
MCW_CT_ROA_219_R2_trim	32.2781303921077	47.0	69.69409885827586	9.090909090909092	15900601.0
MCW_CT_ROA_220_R1_trim	20.36788322245701	47.0	70.07251059184881	18.181818181818183	15061110.0
MCW_CT_ROA_220_R2_trim	19.959898797513958	47.0	70.05224223181426	18.181818181818183	15061110.0
MCW_CT_ROA_221_R1_trim	34.95141990714005	53.0	62.514066350046775	18.181818181818183	11674777.0
MCW_CT_ROA_221_R2_trim	33.8573579111782	53.0	62.54887129749887	18.181818181818183	11674777.0
MCW_CT_ROA_222_R1_trim	45.451164393543934	52.0	62.539632291421796	9.090909090909092	17147873.0
MCW_CT_ROA_222_R2_trim	42.792690477303175	52.0	62.62577906892592	9.090909090909092	17147873.0
MCW_CT_ROA_223_R1_trim	43.6527317347975	52.0	59.37218561535175	18.181818181818183	12465025.0
MCW_CT_ROA_223_R2_trim	42.20203299067381	52.0	59.432182125587396	18.181818181818183	12465025.0
MCW_CT_ROA_224_R1_trim	21.261794725243377	47.0	71.82758758657417	27.27272727272727	7822917.0
MCW_CT_ROA_224_R2_trim	19.60818952161452	47.0	71.8154026177192	18.181818181818183	7822917.0
MCW_CT_ROA_225_R1_trim	15.83132388011255	49.0	70.63661170513376	9.090909090909092	8022702.0
MCW_CT_ROA_225_R2_trim	14.826646285845257	49.0	70.61639956214253	9.090909090909092	8022702.0
MCW_CT_ROA_226_R1_trim	30.226948467091503	52.0	64.97572734732417	18.181818181818183	11120375.0
MCW_CT_ROA_226_R2_trim	30.06385680399771	52.0	64.94042116385464	18.181818181818183	11120375.0
MCW_CT_ROA_227_R1_trim	23.382498559411687	46.0	71.83378971094805	18.181818181818183	11811856.0
MCW_CT_ROA_227_R2_trim	19.415742382603923	46.0	71.8378568109872	18.181818181818183	11811856.0
MCW_CT_ROA_228_R1_trim	17.818559245793097	47.0	71.43267710903193	18.181818181818183	5703944.0
MCW_CT_ROA_228_R2_trim	16.89448930594689	47.0	71.41957634927692	18.181818181818183	5703944.0
MCW_CT_ROA_229_R1_trim	24.741160436110434	50.0	67.46717124834394	18.181818181818183	10611034.0
MCW_CT_ROA_229_R2_trim	22.138645785682897	50.0	67.53056356242003	18.181818181818183	10611034.0
MCW_CT_ROA_230_R1_trim	27.052674024234463	48.0	69.40211202621327	18.181818181818183	8628302.0
MCW_CT_ROA_230_R2_trim	25.804723229085454	48.0	69.4040866905215	18.181818181818183	8628302.0
MCW_CT_ROA_231_R1_trim	68.4213407551376	47.0	70.44186197706321	27.27272727272727	7583015.0
MCW_CT_ROA_231_R2_trim	59.99790197394955	47.0	70.44833723789284	27.27272727272727	7583015.0
MCW_CT_ROA_232_R1_trim	29.49430481085625	49.0	68.69065908945618	18.181818181818183	8665986.0
MCW_CT_ROA_232_R2_trim	28.60893551250946	49.0	68.69845554793189	18.181818181818183	8665986.0
MCW_CT_ROA_233_R1_trim	31.131023230841777	47.0	69.82852078069125	18.181818181818183	11430178.0
MCW_CT_ROA_233_R2_trim	28.00493559174845	47.0	69.81191666481485	18.181818181818183	11430178.0
MCW_CT_ROA_234_R1_trim	15.660640937594039	50.0	68.01831266009286	9.090909090909092	8763664.0
MCW_CT_ROA_234_R2_trim	14.276307761528471	49.0	68.0620188085714	9.090909090909092	8763664.0
MCW_CT_ROA_235_R1_trim	21.350041738060952	48.0	71.28807032316395	9.090909090909092	12949588.0
MCW_CT_ROA_235_R2_trim	20.9773508997162	48.0	71.27872824988718	9.090909090909092	12949588.0
MCW_CT_ROA_236_R1_trim	16.70047562045231	48.0	71.2268054238398	18.181818181818183	9761129.0
MCW_CT_ROA_236_R2_trim	15.136454206860122	47.0	71.2217691211744	18.181818181818183	9761129.0
MCW_CT_ROA_237_R1_trim	46.00631146438522	45.0	72.33589309518553	18.181818181818183	13450470.0
MCW_CT_ROA_237_R2_trim	43.30355666964684	45.0	72.31783008326103	9.090909090909092	13450470.0
MCW_CT_ROA_238_R1_trim	49.80031435865846	50.0	63.76183701725796	18.181818181818183	10348384.0
MCW_CT_ROA_238_R2_trim	48.460257725705034	50.0	63.75337946485171	18.181818181818183	10348384.0
MCW_CT_ROA_239_R1_trim	24.971789001100277	50.0	66.42769991415034	18.181818181818183	11412974.0
MCW_CT_ROA_239_R2_trim	23.30298664416914	50.0	66.50265846570754	18.181818181818183	11412974.0
MCW_CT_ROA_240_R1_trim	21.47110555230573	50.0	67.59326934317971	18.181818181818183	13078783.0
MCW_CT_ROA_240_R2_trim	17.40956882199623	50.0	67.74270220707844	9.090909090909092	13078783.0
MCW_CT_ROA_241_R1_trim	33.91678055078748	50.0	67.56920911460298	18.181818181818183	16654461.0
MCW_CT_ROA_241_R2_trim	31.710603073668963	50.0	67.55063475185418	9.090909090909092	16654461.0
MCW_CT_ROA_243_R1_trim	29.367072388012502	51.0	68.49809876670275	18.181818181818183	10920806.0
MCW_CT_ROA_243_R2_trim	28.640510685996787	51.0	68.50728197167865	18.181818181818183	10920806.0
MCW_CT_ROA_244_R1_trim	28.868471025437216	53.0	61.051132949471274	18.181818181818183	8099611.0
MCW_CT_ROA_244_R2_trim	29.431787202296846	52.0	61.10797197544425	9.090909090909092	8099611.0
MCW_CT_ROA_245_R1_trim	42.357274505269906	52.0	67.06030577497972	18.181818181818183	10824038.0
MCW_CT_ROA_245_R2_trim	38.33990210741454	51.0	67.12089831909311	18.181818181818183	10824038.0
MCW_CT_ROA_246_R1_trim	39.79881699005027	49.0	71.33691250301393	27.27272727272727	12674448.0
MCW_CT_ROA_246_R2_trim	36.21452029697294	49.0	71.31655469334838	27.27272727272727	12674448.0
MCW_CT_ROA_247_R1_trim	28.306319803519187	51.0	70.19097707180217	18.181818181818183	11631878.0
MCW_CT_ROA_247_R2_trim	23.735629993809027	50.0	70.19700670863295	18.181818181818183	11631878.0
MCW_CT_ROA_249_R1_trim	30.54599312589039	50.0	68.86341685548594	18.181818181818183	9780958.0
MCW_CT_ROA_249_R2_trim	28.55027863132507	50.0	68.88315807101922	18.181818181818183	9780958.0
MCW_CT_ROA_250_R1_trim	47.8717268915173	50.0	67.40091287564059	9.090909090909092	14577232.0
MCW_CT_ROA_250_R2_trim	39.61799540323969	50.0	67.50604710139757	9.090909090909092	14577232.0
MCW_CT_ROA_252_R1_trim	26.569804567077398	48.0	70.59123929746849	27.27272727272727	11121551.0
MCW_CT_ROA_252_R2_trim	24.040137789199818	48.0	70.60237389551152	9.090909090909092	11121551.0
MCW_CT_ROA_253_R1_trim	39.545497077459025	49.0	68.8285664683187	18.181818181818183	12107678.0
MCW_CT_ROA_253_R2_trim	33.29931790740659	49.0	68.8683613819264	9.090909090909092	12107678.0
MCW_CT_ROA_254_R1_trim	29.212442524924484	50.0	68.90091432180976	18.181818181818183	7120797.0
MCW_CT_ROA_254_R2_trim	27.788793482112	50.0	68.9019695407691	18.181818181818183	7120797.0
MCW_CT_ROA_255_R1_trim	65.25044164337434	46.0	71.51978823818354	27.27272727272727	7255699.0
MCW_CT_ROA_255_R2_trim	60.98498833110802	46.0	71.50662920278253	18.181818181818183	7255699.0
MCW_CT_ROA_256_R1_trim	21.41495772729732	46.0	71.15614608128237	27.27272727272727	9209722.0
MCW_CT_ROA_256_R2_trim	19.25167191276425	46.0	71.1758613343595	9.090909090909092	9209722.0
MCW_CT_ROA_78_R1_trim	50.80134864789102	49.0	66.28385454194397	27.27272727272727	8514537.0
MCW_CT_ROA_78_R2_trim	47.22265374971539	49.0	66.3396504119954	9.090909090909092	8514537.0
MCW_CT_ROA_79_R1_trim	57.44834968655245	56.0	61.02700458085443	27.27272727272727	17230410.0
MCW_CT_ROA_79_R2_trim	51.70896285226095	56.0	61.09410640837914	18.181818181818183	17230410.0
MCW_CT_ROA_80_R1_trim	65.36541230168729	55.0	62.79185984608861	27.27272727272727	11073255.0
MCW_CT_ROA_80_R2_trim	59.90056648443445	54.0	62.88535539008178	18.181818181818183	11073255.0
MCW_CT_ROA_81_R1_trim	33.61996570970159	51.0	69.62583853260833	18.181818181818183	10304161.0
MCW_CT_ROA_81_R2_trim	31.16005138697848	50.0	69.59111916050225	9.090909090909092	10304161.0
MCW_CT_ROA_83_R1_trim	43.4813859679959	52.0	69.6045617131746	18.181818181818183	13873472.0
MCW_CT_ROA_83_R2_trim	37.136209031487	51.0	69.59570394491011	9.090909090909092	13873472.0
MCW_CT_ROA_84_R1_trim	56.40658932122094	49.0	69.51590965231482	27.27272727272727	9460829.0
MCW_CT_ROA_84_R2_trim	53.706351928952415	49.0	69.5132916999134	18.181818181818183	9460829.0
MCW_CT_ROA_85_R1_trim	40.63844288836377	56.0	65.59186483811203	18.181818181818183	17871310.0
MCW_CT_ROA_85_R2_trim	35.47200972846498	55.0	65.62366261902457	9.090909090909092	17871310.0
MCW_CT_ROA_86_R1_trim	30.504983364836733	51.0	70.86788292727262	18.181818181818183	7129722.0
MCW_CT_ROA_86_R2_trim	27.845318789663438	51.0	70.84767680983914	9.090909090909092	7129722.0
MCW_CT_ROA_87_R1_trim	46.486596484607205	50.0	70.51154115055338	18.181818181818183	10992015.0
MCW_CT_ROA_87_R2_trim	43.15071076500519	50.0	70.47341420112691	9.090909090909092	10992015.0
MCW_CT_ROA_88_R1_trim	29.112054852257145	51.0	70.83638305392249	18.181818181818183	6136901.0
MCW_CT_ROA_88_R2_trim	24.772987950643184	51.0	70.81666398072903	9.090909090909092	6136901.0
MCW_CT_ROA_89_R1_trim	42.8783420704184	50.0	71.93679307936257	18.181818181818183	10476954.0
MCW_CT_ROA_89_R2_trim	38.894592652006985	49.0	71.89850886049514	9.090909090909092	10476954.0
MCW_CT_ROA_94_R1_trim	25.931831409250094	51.0	70.52853152078183	18.181818181818183	7398484.0
MCW_CT_ROA_94_R2_trim	24.661761873321325	50.0	70.5056143934352	9.090909090909092	7398484.0
MCW_CT_ROA_95_R1_trim	48.92452174922639	50.0	71.7617741116872	18.181818181818183	9244604.0
MCW_CT_ROA_95_R2_trim	41.61820469216725	49.0	71.73550862751937	9.090909090909092	9244604.0
MCW_CT_ROA_96_R1_trim	49.0715116442384	50.0	69.64147299658741	18.181818181818183	8197575.0
MCW_CT_ROA_96_R2_trim	44.8560013063214	49.0	69.61672323827473	9.090909090909092	8197575.0
MCW_CT_ROA_97_R1_trim	39.98777375595611	50.0	71.42908882022132	18.181818181818183	6738747.0
MCW_CT_ROA_97_R2_trim	37.65561094244293	50.0	71.40740585749843	9.090909090909092	6738747.0
MCW_CT_ROA_99_R1_trim	34.60752264792082	50.0	70.87750727814891	27.27272727272727	8097526.0
MCW_CT_ROA_99_R2_trim	31.71598436897598	50.0	70.81753636851552	9.090909090909092	8097526.0
